0,1,2,3,4,5
0.0071,0.0143,0.0608,0.4308,0.4869,9.0
0.3066,0.3987,0.2628,0.0273,0.0046,7.0
0.0015,0.004,0.0313,0.4164,0.5468,10.0
0.003,0.0051,0.0228,0.3472,0.6219,0.0
0.0034,0.0176,0.2154,0.6218,0.1417,10.0
0.0009,0.0039,0.0667,0.7153,0.2132,9.0
0.0052,0.021,0.1405,0.5748,0.2585,9.0
0.0076,0.013,0.0339,0.2665,0.679,10.0
0.0086,0.0566,0.2506,0.5946,0.0897,8.0
0.0214,0.1604,0.425,0.3604,0.0328,9.0
0.0025,0.0125,0.1157,0.6775,0.1918,10.0
0.0084,0.168,0.6414,0.176,0.0063,6.0
0.0187,0.0507,0.1101,0.3559,0.4646,10.0
0.0083,0.0078,0.0091,0.0647,0.91,10.0
0.0166,0.0967,0.3135,0.4936,0.0796,8.0
0.1505,0.0696,0.0676,0.1114,0.6009,10.0
0.0085,0.0263,0.2085,0.5555,0.2012,9.0
0.0196,0.0475,0.0885,0.2843,0.5602,10.0
0.0123,0.0515,0.2899,0.5093,0.1371,9.0
0.0064,0.0319,0.1736,0.5578,0.2303,10.0
0.0607,0.4904,0.3354,0.1026,0.0109,9.0
0.0188,0.0841,0.3272,0.495,0.0748,9.0
0.0035,0.0065,0.035,0.3017,0.6533,8.0
0.2346,0.6615,0.0933,0.0084,0.0022,6.0
0.0014,0.0054,0.0687,0.6654,0.2591,10.0
0.0305,0.0157,0.0111,0.0624,0.8803,10.0
0.0023,0.016,0.2317,0.6635,0.0865,10.0
0.0109,0.0382,0.1332,0.5036,0.314,10.0
0.0049,0.0104,0.0325,0.2178,0.7343,10.0
0.0006,0.0028,0.1174,0.7992,0.08,8.0
0.0215,0.1129,0.2688,0.5379,0.059,10.0
0.0054,0.0222,0.0931,0.6013,0.278,10.0
0.0026,0.0395,0.521,0.4222,0.0147,10.0
0.0178,0.1094,0.3397,0.4309,0.1022,9.0
0.0081,0.1062,0.3942,0.419,0.0726,10.0
0.0335,0.1148,0.1989,0.468,0.1849,8.0
0.0008,0.0042,0.096,0.7798,0.1192,9.0
0.0005,0.0011,0.0118,0.396,0.5906,9.0
0.0046,0.0124,0.0599,0.531,0.3921,10.0
0.092,0.2906,0.357,0.2124,0.048,10.0
0.0702,0.1086,0.1223,0.3052,0.3938,9.0
0.0089,0.0161,0.071,0.4632,0.4407,10.0
0.0046,0.0105,0.0663,0.5937,0.3249,10.0
0.0011,0.002,0.0077,0.1346,0.8546,9.0
0.0063,0.1097,0.5045,0.3534,0.026,8.0
0.0616,0.1609,0.1749,0.2924,0.3102,10.0
0.0093,0.0228,0.1063,0.5951,0.2665,8.0
0.004,0.0249,0.3754,0.5185,0.0772,7.0
0.0011,0.0025,0.0331,0.4665,0.4967,9.0
0.0067,0.0249,0.1372,0.5659,0.2654,10.0
0.0041,0.0072,0.0132,0.1493,0.8263,8.0
0.0586,0.089,0.1171,0.3043,0.4309,10.0
0.0052,0.0072,0.0208,0.1916,0.7751,10.0
0.0011,0.0019,0.0094,0.2378,0.7498,8.0
0.0042,0.0124,0.0889,0.4392,0.4554,10.0
0.4918,0.3085,0.1059,0.0476,0.0462,7.0
0.0013,0.0012,0.0065,0.0807,0.9103,9.0
0.0007,0.0007,0.0033,0.0997,0.8956,10.0
0.001,0.0016,0.0077,0.203,0.7866,9.0
0.0838,0.0893,0.0883,0.2828,0.4557,9.0
0.0136,0.0985,0.3722,0.4645,0.0512,8.0
0.0038,0.0089,0.0776,0.5146,0.3951,10.0
0.442,0.1974,0.0589,0.0984,0.2034,10.0
0.0008,0.0006,0.003,0.0539,0.9417,10.0
0.002,0.0055,0.0411,0.4907,0.4607,10.0
0.2083,0.2195,0.1007,0.1566,0.3149,10.0
0.0146,0.026,0.1877,0.5939,0.1777,7.0
0.0303,0.0293,0.0601,0.2337,0.6466,9.0
0.0692,0.1514,0.1635,0.3144,0.3015,10.0
0.0054,0.005,0.0145,0.1321,0.843,9.0
0.1114,0.5748,0.2857,0.0232,0.0049,8.0
0.0359,0.3941,0.4418,0.1163,0.0119,7.0
0.0072,0.0068,0.0104,0.0482,0.9274,10.0
0.0121,0.0336,0.1555,0.6381,0.1607,8.0
0.0019,0.0037,0.0167,0.3767,0.601,8.0
0.0221,0.0845,0.2492,0.4751,0.1691,8.0
0.0026,0.014,0.0879,0.6468,0.2487,10.0
0.0084,0.0449,0.2317,0.5038,0.2113,10.0
0.2078,0.249,0.2303,0.2026,0.1103,9.0
0.3255,0.1701,0.0761,0.132,0.2964,8.0
0.4471,0.3043,0.1428,0.064,0.0419,10.0
0.0598,0.3718,0.3414,0.195,0.032,7.0
0.0357,0.2379,0.5972,0.1212,0.0079,7.0
0.5186,0.1868,0.0639,0.0509,0.1799,10.0
0.0199,0.0701,0.1823,0.4332,0.2945,10.0
0.0314,0.0247,0.0743,0.2442,0.6253,7.0
0.3448,0.1654,0.1155,0.1193,0.255,9.0
0.0142,0.141,0.4496,0.3593,0.0359,8.0
0.0035,0.0065,0.0184,0.1471,0.8245,10.0
0.0015,0.0013,0.0059,0.1118,0.8794,10.0
0.046,0.0292,0.0513,0.123,0.7505,10.0
0.0009,0.0007,0.002,0.0235,0.9729,0.0
0.2194,0.1832,0.1859,0.2492,0.1624,2.0
0.0101,0.016,0.0623,0.2977,0.614,10.0
0.0055,0.0285,0.3214,0.5606,0.084,7.0
0.0412,0.1855,0.5506,0.2022,0.0205,9.0
0.0623,0.0457,0.0384,0.2376,0.616,10.0
0.0019,0.0026,0.0617,0.5175,0.4162,0.0
0.163,0.1597,0.3024,0.2087,0.1663,9.0
0.0207,0.0208,0.0432,0.2275,0.6878,10.0
0.0029,0.0118,0.0742,0.6541,0.2569,9.0
0.0006,0.0005,0.0032,0.0665,0.9292,8.0
0.0013,0.0016,0.0079,0.197,0.7923,9.0
0.0048,0.007,0.0302,0.2217,0.7363,10.0
0.0007,0.001,0.012,0.2761,0.7102,8.0
0.0009,0.0008,0.0039,0.0971,0.8973,10.0
0.5323,0.2352,0.0484,0.0468,0.1374,10.0
0.0017,0.0024,0.0101,0.1476,0.8382,10.0
0.0008,0.0007,0.0029,0.0516,0.944,8.0
0.0127,0.0428,0.0652,0.761,0.1183,9.0
0.0015,0.0071,0.08,0.6407,0.2708,8.0
0.0064,0.0126,0.049,0.1807,0.7514,10.0
0.1138,0.0749,0.0486,0.081,0.6817,9.0
0.0285,0.1833,0.2664,0.4045,0.1173,8.0
0.0024,0.0037,0.0246,0.2589,0.7104,8.0
0.0205,0.2495,0.4441,0.248,0.0379,10.0
0.1327,0.5876,0.2484,0.0268,0.0044,5.0
0.0226,0.1577,0.232,0.4899,0.0978,8.0
0.0152,0.0411,0.167,0.4492,0.3275,10.0
0.012,0.0415,0.1182,0.5224,0.3058,8.0
0.0032,0.0083,0.2015,0.594,0.193,8.0
0.0007,0.0007,0.0038,0.1301,0.8647,8.0
0.0045,0.0066,0.0581,0.4367,0.494,9.0
0.0013,0.0027,0.0277,0.6126,0.3558,8.0
0.0022,0.0479,0.5005,0.4456,0.0038,7.0
0.0089,0.0221,0.0555,0.3302,0.5833,9.0
0.0133,0.0377,0.0951,0.3966,0.4573,10.0
0.1644,0.1586,0.0919,0.3365,0.2486,8.0
0.0018,0.01,0.1414,0.6199,0.2269,9.0
0.0144,0.0174,0.0714,0.2982,0.5986,9.0
0.0594,0.4115,0.4085,0.1084,0.0122,7.0
0.0016,0.0019,0.015,0.3118,0.6697,10.0
0.0088,0.0549,0.426,0.4286,0.0816,8.0
0.0065,0.0167,0.0703,0.5594,0.3471,10.0
0.1859,0.4092,0.2399,0.1183,0.0467,7.0
0.0031,0.0026,0.0125,0.1401,0.8416,10.0
0.0083,0.0131,0.0276,0.1708,0.7803,8.0
0.3341,0.4032,0.1744,0.0581,0.0302,9.0
0.0015,0.0019,0.0105,0.1787,0.8074,9.0
0.0022,0.0035,0.0323,0.4243,0.5378,8.0
0.006,0.01,0.0293,0.3371,0.6175,7.0
0.0028,0.0047,0.0116,0.1645,0.8164,10.0
0.0007,0.0008,0.005,0.0617,0.9319,10.0
0.46,0.1092,0.0343,0.0529,0.3436,9.0
0.0029,0.0042,0.0119,0.1703,0.8108,9.0
0.0078,0.0204,0.0967,0.4735,0.4016,9.0
0.0137,0.0202,0.0356,0.2835,0.6469,9.0
0.0044,0.0029,0.0119,0.1134,0.8674,10.0
0.0326,0.2314,0.4427,0.2352,0.0582,7.0
0.0032,0.0027,0.0058,0.0819,0.9063,10.0
0.0012,0.001,0.0058,0.0803,0.9117,10.0
0.0203,0.1611,0.5476,0.2353,0.0358,7.0
0.0355,0.4143,0.5202,0.0291,0.001,10.0
0.049,0.298,0.4569,0.174,0.0221,10.0
0.0059,0.0177,0.0744,0.3101,0.5919,10.0
0.0023,0.0042,0.0352,0.4918,0.4666,8.0
0.0053,0.0306,0.3574,0.5462,0.0605,7.0
0.0024,0.0052,0.0285,0.345,0.6189,9.0
0.0194,0.0931,0.227,0.4467,0.2139,9.0
0.0146,0.018,0.0301,0.1968,0.7405,10.0
0.0059,0.0241,0.1074,0.5215,0.3411,9.0
0.067,0.1403,0.1244,0.2879,0.3804,10.0
0.0649,0.1435,0.2256,0.3587,0.2073,9.0
0.0028,0.0024,0.01,0.1242,0.8606,8.0
0.5918,0.1928,0.0943,0.0482,0.073,10.0
0.0112,0.0247,0.1439,0.5212,0.2991,10.0
0.0135,0.1159,0.5629,0.2721,0.0356,8.0
0.0117,0.0403,0.0954,0.5711,0.2815,8.0
0.0035,0.0093,0.0734,0.4413,0.4725,10.0
0.0077,0.0131,0.0566,0.3269,0.5958,9.0
0.0378,0.1517,0.4449,0.2968,0.0688,9.0
0.0971,0.1232,0.2132,0.2826,0.2839,9.0
0.3406,0.5321,0.1118,0.0128,0.0028,8.0
0.0008,0.0006,0.0018,0.0191,0.9776,9.0
0.1806,0.2943,0.286,0.1615,0.0776,7.0
0.0007,0.0008,0.0047,0.1296,0.8642,9.0
0.0604,0.0306,0.06,0.1793,0.6697,8.0
0.0008,0.0052,0.1205,0.7721,0.1015,8.0
0.0046,0.0111,0.0667,0.5201,0.3976,7.0
0.001,0.004,0.0697,0.6211,0.3041,9.0
0.0141,0.2006,0.597,0.1788,0.0096,8.0
0.0041,0.0146,0.091,0.7244,0.166,8.0
0.0076,0.0131,0.0386,0.2832,0.6574,9.0
0.0264,0.0134,0.0318,0.1416,0.7868,9.0
0.0846,0.138,0.1679,0.2796,0.3299,8.0
0.0094,0.0701,0.391,0.4539,0.0757,8.0
0.0099,0.0112,0.0417,0.2433,0.6938,8.0
0.0086,0.0049,0.0066,0.0468,0.9331,10.0
0.0529,0.1151,0.145,0.3826,0.3044,8.0
0.3529,0.3239,0.1966,0.0785,0.0481,9.0
0.0327,0.3257,0.5683,0.065,0.0082,4.0
0.0024,0.011,0.131,0.6107,0.245,9.0
0.0065,0.0167,0.0703,0.5594,0.3471,0.0
0.1286,0.5769,0.2787,0.0142,0.0016,1.0
0.0011,0.0017,0.029,0.3479,0.6203,9.0
0.0386,0.1205,0.3688,0.4033,0.0688,9.0
0.1733,0.3012,0.282,0.2369,0.0067,7.0
0.0054,0.0693,0.5036,0.4003,0.0214,6.0
0.0072,0.0199,0.0906,0.4721,0.4102,8.0
0.0095,0.0153,0.0269,0.2592,0.689,9.0
0.0026,0.0077,0.0799,0.5436,0.3663,8.0
0.0025,0.0043,0.0831,0.5658,0.3443,10.0
0.0069,0.0285,0.2382,0.4696,0.2567,10.0
0.0025,0.0074,0.0582,0.5716,0.3604,10.0
0.0259,0.1442,0.2931,0.3641,0.1727,9.0
0.0088,0.0183,0.0581,0.3325,0.5823,8.0
0.0167,0.0164,0.0384,0.2321,0.6963,8.0
0.4903,0.3196,0.073,0.057,0.0601,8.0
0.1416,0.3292,0.2752,0.1915,0.0625,8.0
0.0013,0.0047,0.0317,0.3668,0.5955,10.0
0.0589,0.257,0.4376,0.1988,0.0477,10.0
0.0119,0.0378,0.0866,0.3851,0.4785,8.0
0.0028,0.0056,0.0469,0.4136,0.5311,8.0
0.3401,0.3476,0.1745,0.0989,0.0389,8.0
0.0008,0.0017,0.0151,0.2728,0.7097,9.0
0.0069,0.0729,0.5727,0.3106,0.0369,9.0
0.0792,0.1655,0.2228,0.3323,0.2002,9.0
0.0933,0.4497,0.3898,0.0581,0.0091,9.0
0.1188,0.1199,0.2604,0.327,0.1739,10.0
0.0461,0.2227,0.4241,0.2418,0.0653,9.0
0.0019,0.0274,0.5547,0.4013,0.0147,8.0
0.0015,0.0024,0.016,0.2406,0.7394,8.0
0.0171,0.017,0.013,0.0877,0.8653,10.0
0.0019,0.0162,0.1882,0.6894,0.1043,7.0
0.0029,0.0032,0.0072,0.0835,0.9031,10.0
0.0013,0.0028,0.0153,0.3177,0.663,8.0
0.0169,0.1424,0.6727,0.1523,0.0157,10.0
0.0011,0.0037,0.0707,0.74,0.1844,8.0
0.0035,0.0033,0.0282,0.3892,0.5759,8.0
0.1104,0.3555,0.24,0.215,0.0791,4.0
0.0897,0.1843,0.1453,0.3276,0.253,10.0
0.0009,0.0022,0.0505,0.6157,0.3307,8.0
0.0111,0.02,0.0444,0.2474,0.6772,9.0
0.0111,0.014,0.0188,0.1576,0.7985,10.0
0.0018,0.0033,0.0238,0.1782,0.7929,10.0
0.0233,0.056,0.2087,0.4416,0.2704,8.0
0.069,0.0291,0.0184,0.0369,0.8466,10.0
0.0649,0.2694,0.3883,0.2289,0.0486,9.0
0.1171,0.0637,0.0845,0.1621,0.5727,10.0
0.1893,0.2574,0.191,0.199,0.1633,9.0
0.0031,0.0042,0.0298,0.3165,0.6464,10.0
0.0429,0.2267,0.4228,0.2531,0.0545,10.0
0.0019,0.0011,0.0047,0.0293,0.963,10.0
0.004,0.0041,0.0242,0.2417,0.726,9.0
0.0517,0.0476,0.0389,0.21,0.6517,9.0
0.1138,0.0883,0.0892,0.3639,0.3448,9.0
0.0032,0.0362,0.5848,0.3572,0.0186,8.0
0.0085,0.0372,0.2913,0.4761,0.1869,10.0
0.0233,0.0697,0.1123,0.3658,0.4289,10.0
0.3964,0.459,0.1331,0.0085,0.003,7.0
0.2336,0.1837,0.0572,0.0478,0.4777,10.0
0.3176,0.2799,0.1208,0.0888,0.193,9.0
0.0153,0.0195,0.085,0.3634,0.5167,10.0
0.1001,0.2482,0.3811,0.2247,0.046,0.0
0.0008,0.0009,0.0034,0.0581,0.9369,10.0
0.0027,0.0047,0.0281,0.2535,0.7111,10.0
0.001,0.0008,0.003,0.0322,0.963,10.0
0.0012,0.0014,0.0236,0.3239,0.6499,9.0
0.0065,0.0206,0.1167,0.4694,0.3867,10.0
0.0114,0.0441,0.134,0.4793,0.3313,8.0
0.0006,0.0008,0.002,0.0458,0.9507,8.0
0.0459,0.0485,0.0999,0.2654,0.5404,7.0
0.0016,0.0027,0.0225,0.2711,0.7021,0.0
0.0373,0.2213,0.3908,0.3013,0.0492,7.0
0.0043,0.0237,0.1329,0.6484,0.1908,9.0
0.0187,0.1065,0.2501,0.4913,0.1334,8.0
0.0589,0.2941,0.4055,0.2028,0.0387,9.0
0.0062,0.0608,0.5538,0.3549,0.0243,7.0
0.01,0.0215,0.0421,0.2629,0.6635,10.0
0.0612,0.1313,0.1782,0.3404,0.2888,10.0
0.0095,0.007,0.0127,0.0894,0.8814,7.0
0.6345,0.2368,0.0679,0.0265,0.0344,9.0
0.0109,0.0137,0.0506,0.2277,0.697,10.0
0.0092,0.0255,0.1253,0.5839,0.2561,10.0
0.1295,0.2038,0.0933,0.2325,0.3409,10.0
0.019,0.0402,0.0738,0.3782,0.4887,8.0
0.4544,0.4669,0.075,0.0031,0.0006,5.0
0.0026,0.0051,0.028,0.3245,0.6398,10.0
0.031,0.1756,0.3761,0.3655,0.0518,9.0
0.0013,0.0009,0.0022,0.0319,0.9637,9.0
0.009,0.0471,0.1984,0.4834,0.2621,8.0
0.1326,0.1442,0.1079,0.217,0.3983,9.0
0.0011,0.0016,0.0137,0.3118,0.6718,9.0
0.0017,0.0054,0.0237,0.3142,0.655,10.0
0.1164,0.2285,0.1792,0.2201,0.2559,10.0
0.3119,0.4374,0.19,0.0417,0.0189,10.0
0.0047,0.0044,0.0157,0.1681,0.8071,9.0
0.0031,0.0225,0.2105,0.629,0.1348,9.0
0.0021,0.0017,0.0088,0.1638,0.8237,10.0
0.1557,0.3957,0.346,0.0784,0.0241,9.0
0.0338,0.2331,0.5383,0.1762,0.0186,1.0
0.0009,0.0019,0.0104,0.2031,0.7837,10.0
0.0041,0.0335,0.2473,0.6188,0.0963,8.0
0.0164,0.1349,0.6811,0.1521,0.0154,10.0
0.0022,0.0044,0.0247,0.2502,0.7185,9.0
0.0059,0.0271,0.1104,0.5531,0.3034,10.0
0.031,0.054,0.1671,0.371,0.3769,9.0
0.0095,0.005,0.0108,0.0506,0.9241,10.0
0.0019,0.0015,0.0067,0.0994,0.8905,10.0
0.0279,0.1147,0.2713,0.468,0.1181,9.0
0.0039,0.0029,0.009,0.123,0.8612,0.0
0.2363,0.1337,0.0708,0.1078,0.4513,10.0
0.9767,0.0197,0.002,0.0004,0.0012,1.0
0.0045,0.0094,0.094,0.4393,0.4528,10.0
0.0011,0.0019,0.0072,0.1418,0.848,9.0
0.0008,0.0007,0.0037,0.0795,0.9153,9.0
0.0009,0.0009,0.0073,0.1594,0.8316,9.0
0.0011,0.0012,0.0156,0.2426,0.7395,8.0
0.0012,0.0012,0.0052,0.0995,0.8929,10.0
0.0096,0.0117,0.0223,0.2287,0.7277,10.0
0.0108,0.0432,0.1725,0.4837,0.2897,9.0
0.0608,0.056,0.1547,0.3701,0.3584,10.0
0.0032,0.0075,0.0253,0.3091,0.6549,10.0
0.0024,0.0048,0.0506,0.6231,0.319,8.0
0.0012,0.0013,0.005,0.1253,0.8672,9.0
0.0245,0.036,0.0641,0.2496,0.6259,9.0
0.0038,0.0159,0.1399,0.6853,0.1551,10.0
0.012,0.0399,0.1506,0.5485,0.2491,7.0
0.0067,0.0101,0.0156,0.1513,0.8163,10.0
0.0054,0.0284,0.1228,0.551,0.2924,8.0
0.0067,0.1067,0.4844,0.374,0.0282,9.0
0.0081,0.1062,0.3942,0.419,0.0726,9.0
0.0005,0.001,0.0049,0.1454,0.8482,10.0
0.0081,0.0298,0.1567,0.5824,0.223,10.0
0.0005,0.0005,0.0017,0.0392,0.9581,10.0
0.0244,0.0743,0.2924,0.4103,0.1986,10.0
0.0039,0.0386,0.3462,0.5492,0.0622,8.0
0.011,0.1156,0.5015,0.3508,0.0211,9.0
0.0037,0.0142,0.1056,0.5394,0.3371,9.0
0.0919,0.2088,0.3242,0.2681,0.1071,9.0
0.0019,0.0033,0.01,0.1113,0.8734,8.0
0.0067,0.0977,0.5941,0.2897,0.0119,7.0
0.0011,0.0038,0.0225,0.3004,0.6722,10.0
0.1921,0.3159,0.1847,0.2153,0.092,9.0
0.0027,0.0118,0.1242,0.6241,0.2373,10.0
0.0119,0.0456,0.343,0.4488,0.1507,9.0
0.002,0.0163,0.3094,0.5912,0.081,10.0
0.0052,0.0331,0.1974,0.5736,0.1907,10.0
0.0183,0.0302,0.0547,0.2713,0.6256,10.0
0.0775,0.123,0.1224,0.2799,0.3971,8.0
0.0085,0.0425,0.2296,0.538,0.1814,10.0
0.062,0.1415,0.2172,0.3683,0.211,10.0
0.0836,0.2364,0.1798,0.3107,0.1895,7.0
0.0114,0.097,0.53,0.3271,0.0345,0.0
0.0356,0.0352,0.0283,0.0999,0.8009,10.0
0.0014,0.0045,0.0312,0.6273,0.3357,9.0
0.0045,0.0371,0.4259,0.4703,0.0622,9.0
0.0009,0.0026,0.0213,0.4929,0.4824,8.0
0.0803,0.1631,0.1255,0.1722,0.4589,10.0
0.0074,0.0402,0.1969,0.5928,0.1626,10.0
0.0096,0.0499,0.3329,0.5335,0.0741,7.0
0.002,0.0062,0.0263,0.4007,0.5649,8.0
0.0072,0.0342,0.1701,0.6109,0.1776,8.0
0.0208,0.0964,0.2617,0.4944,0.1267,9.0
0.0218,0.0512,0.1312,0.3949,0.4009,10.0
0.0039,0.0204,0.1052,0.5922,0.2783,8.0
0.0102,0.0316,0.117,0.5213,0.3199,10.0
0.0222,0.0411,0.1178,0.4386,0.3803,7.0
0.0961,0.351,0.3477,0.1681,0.0372,8.0
0.0053,0.0175,0.1629,0.6186,0.1956,9.0
0.0025,0.0108,0.1009,0.5736,0.3123,10.0
0.0065,0.0406,0.1968,0.6059,0.1501,9.0
0.0446,0.0854,0.1693,0.3221,0.3786,10.0
0.0232,0.0245,0.029,0.1948,0.7284,10.0
0.0007,0.0008,0.0035,0.0771,0.918,10.0
0.0031,0.015,0.1673,0.6749,0.1397,9.0
0.0397,0.1704,0.305,0.3814,0.1036,10.0
0.0395,0.1916,0.555,0.1841,0.0298,10.0
0.0029,0.0344,0.3254,0.6074,0.03,8.0
0.0165,0.0359,0.0549,0.5821,0.3105,8.0
0.1705,0.1989,0.1024,0.1666,0.3616,9.0
0.0295,0.4755,0.4421,0.0509,0.0021,7.0
0.0032,0.0088,0.0711,0.5666,0.3503,10.0
0.0032,0.0222,0.2583,0.6115,0.1049,8.0
0.0033,0.0064,0.0239,0.2094,0.757,9.0
0.0059,0.0154,0.0756,0.4664,0.4366,10.0
0.0188,0.0371,0.0714,0.3468,0.5259,10.0
0.0111,0.0501,0.1987,0.5844,0.1557,9.0
0.0221,0.0258,0.0427,0.2726,0.6367,9.0
0.0045,0.0065,0.0268,0.3773,0.5848,9.0
0.006,0.0246,0.2521,0.6152,0.1022,9.0
0.0097,0.0311,0.1021,0.5397,0.3174,8.0
0.0843,0.1454,0.2789,0.3418,0.1496,8.0
0.0049,0.024,0.1197,0.5902,0.2613,8.0
0.0098,0.0144,0.0381,0.3126,0.6251,0.0
0.011,0.0098,0.0163,0.1285,0.8344,9.0
0.0188,0.0551,0.1567,0.4599,0.3096,9.0
0.0071,0.0406,0.2224,0.6575,0.0724,10.0
0.0068,0.0388,0.2351,0.575,0.1443,0.0
0.0073,0.0337,0.1992,0.626,0.1338,10.0
0.0283,0.0348,0.0425,0.1928,0.7016,10.0
0.0036,0.0062,0.0307,0.1998,0.7597,10.0
0.1402,0.3138,0.2603,0.1769,0.1088,9.0
0.0018,0.0065,0.0546,0.5982,0.339,0.0
0.0011,0.0016,0.0069,0.1581,0.8323,10.0
0.004,0.0113,0.0494,0.5649,0.3705,9.0
0.0231,0.0977,0.371,0.4445,0.0638,10.0
0.6742,0.2493,0.0486,0.0177,0.0101,2.0
0.0747,0.1744,0.2766,0.3127,0.1617,10.0
0.0144,0.0293,0.078,0.4031,0.4751,8.0
0.0318,0.198,0.349,0.3525,0.0687,8.0
0.1752,0.4368,0.2016,0.126,0.0603,9.0
0.0163,0.0647,0.1323,0.5064,0.2803,10.0
0.0073,0.0437,0.2138,0.5978,0.1374,10.0
0.3879,0.3596,0.1401,0.0652,0.0472,0.0
0.0074,0.0202,0.1262,0.646,0.2003,9.0
0.0235,0.0874,0.3219,0.428,0.1392,8.0
0.0306,0.1068,0.193,0.4432,0.2264,9.0
0.0277,0.0706,0.1638,0.5079,0.2301,0.0
0.0019,0.0029,0.0071,0.0955,0.8927,10.0
0.0045,0.0047,0.009,0.1431,0.8387,9.0
0.0026,0.0122,0.0993,0.7026,0.1832,0.0
0.0273,0.4088,0.5158,0.0464,0.0016,6.0
0.021,0.0839,0.1931,0.4495,0.2526,10.0
0.3082,0.4315,0.1631,0.073,0.0242,4.0
0.0017,0.0018,0.0041,0.0325,0.96,8.0
0.1097,0.2875,0.2387,0.2639,0.1001,10.0
0.004,0.0283,0.3984,0.5363,0.033,9.0
0.0078,0.0199,0.0905,0.3955,0.4863,10.0
0.0665,0.2923,0.3649,0.2407,0.0357,9.0
0.0823,0.4668,0.42,0.0291,0.0019,8.0
0.0144,0.036,0.068,0.3633,0.5183,10.0
0.0016,0.0045,0.0268,0.4219,0.5452,9.0
0.7777,0.0967,0.0208,0.0199,0.0849,10.0
0.0173,0.0647,0.2366,0.4908,0.1906,0.0
0.032,0.2399,0.5344,0.1819,0.0118,0.0
0.0084,0.0227,0.0755,0.4897,0.4037,9.0
0.0019,0.0086,0.0804,0.5816,0.3275,10.0
0.0013,0.0055,0.0586,0.6804,0.2543,0.0
0.0074,0.0116,0.023,0.1499,0.808,0.0
0.7177,0.2693,0.012,0.0006,0.0003,3.0
0.0065,0.0225,0.1103,0.5839,0.2768,0.0
0.0029,0.0099,0.075,0.6369,0.2753,0.0
0.0174,0.1037,0.4025,0.3636,0.1127,10.0
0.4333,0.3123,0.1343,0.0696,0.0506,1.0
0.004,0.0179,0.165,0.6176,0.1954,10.0
0.0099,0.0455,0.1587,0.4834,0.3025,0.0
0.0053,0.0253,0.1786,0.579,0.2117,9.0
0.0106,0.0204,0.0418,0.2532,0.674,9.0
0.0021,0.005,0.0227,0.3283,0.642,0.0
0.0388,0.2319,0.3308,0.3303,0.0682,7.0
0.0017,0.0075,0.0326,0.9037,0.0545,8.0
0.0067,0.0857,0.6489,0.2464,0.0123,7.0
0.0112,0.1195,0.3574,0.4123,0.0996,8.0
0.0216,0.0488,0.0662,0.2863,0.577,10.0
0.0032,0.0397,0.5649,0.3872,0.005,7.0
0.008,0.044,0.238,0.5732,0.1368,10.0
0.2778,0.4059,0.1833,0.1025,0.0305,0.0
0.0069,0.0341,0.1815,0.6221,0.1553,9.0
0.0011,0.0037,0.0378,0.5269,0.4304,9.0
0.0384,0.1183,0.1569,0.4051,0.2813,8.0
0.0216,0.0988,0.2081,0.4795,0.192,10.0
0.0105,0.0453,0.1689,0.5279,0.2474,9.0
0.0173,0.1448,0.4803,0.3373,0.0204,9.0
0.0266,0.1227,0.309,0.5059,0.0358,9.0
0.0894,0.5295,0.2969,0.0768,0.0073,6.0
0.0008,0.0007,0.001,0.021,0.9765,10.0
0.0127,0.0256,0.0745,0.2737,0.6136,9.0
0.0047,0.0303,0.2549,0.6527,0.0573,7.0
0.0193,0.1784,0.4569,0.3218,0.0236,0.0
0.0126,0.0338,0.078,0.273,0.6026,9.0
0.0064,0.0105,0.0257,0.2061,0.7512,9.0
0.0008,0.0007,0.0015,0.0308,0.9662,9.0
0.0027,0.0076,0.0275,0.3805,0.5818,9.0
0.0015,0.0036,0.019,0.3663,0.6096,10.0
0.0051,0.0082,0.021,0.1803,0.7855,10.0
0.3548,0.5264,0.0911,0.0184,0.0093,4.0
0.006,0.0066,0.0169,0.1789,0.7916,10.0
0.0185,0.0481,0.1867,0.5483,0.1984,10.0
0.0819,0.1442,0.2402,0.355,0.1787,9.0
0.0116,0.0923,0.4236,0.4282,0.0443,6.0
0.0069,0.0213,0.0691,0.4602,0.4425,10.0
0.0043,0.0165,0.0799,0.5677,0.3316,9.0
0.0351,0.2745,0.5065,0.1736,0.0103,8.0
0.0095,0.0487,0.2973,0.5243,0.1202,10.0
0.0023,0.0313,0.4337,0.5032,0.0295,9.0
0.0746,0.0925,0.1435,0.1834,0.5059,10.0
0.0021,0.0091,0.0622,0.4864,0.4402,10.0
0.0042,0.0148,0.1016,0.5261,0.3533,8.0
0.0107,0.0377,0.0917,0.4378,0.4221,9.0
0.0036,0.0162,0.1012,0.5414,0.3375,0.0
0.0377,0.0569,0.2159,0.4866,0.2029,9.0
0.0018,0.0072,0.0592,0.6581,0.2737,10.0
0.0024,0.016,0.1541,0.7047,0.1228,8.0
0.0268,0.0706,0.1547,0.4481,0.2998,10.0
0.0095,0.0235,0.0371,0.2582,0.6717,8.0
0.0031,0.0388,0.3589,0.5554,0.0438,0.0
0.0067,0.0137,0.0354,0.2642,0.68,10.0
0.0305,0.1739,0.3333,0.369,0.0932,8.0
0.0103,0.2467,0.6714,0.0697,0.0018,7.0
0.001,0.0027,0.0219,0.3647,0.6096,9.0
0.0038,0.0317,0.352,0.5775,0.035,8.0
0.1031,0.2449,0.2095,0.2493,0.1932,10.0
0.0052,0.0093,0.0105,0.9386,0.0364,9.0
0.0185,0.0378,0.1392,0.2362,0.5682,10.0
0.0121,0.0618,0.1832,0.5058,0.237,10.0
0.0096,0.0517,0.2726,0.5483,0.1179,9.0
0.0019,0.0026,0.004,0.0685,0.923,10.0
0.0012,0.0016,0.0082,0.2197,0.7693,10.0
0.0269,0.1559,0.247,0.4383,0.1319,10.0
0.0027,0.0043,0.0111,0.0801,0.9019,9.0
0.0014,0.002,0.0061,0.1199,0.8706,10.0
0.0189,0.0866,0.2765,0.5022,0.1158,8.0
0.0373,0.1319,0.2563,0.4247,0.1498,10.0
0.033,0.2426,0.4682,0.2363,0.02,8.0
0.014,0.0784,0.2621,0.5266,0.1188,8.0
0.2941,0.525,0.1155,0.0449,0.0205,3.0
0.0192,0.0623,0.1859,0.4928,0.2397,10.0
0.0207,0.1001,0.2594,0.4917,0.128,9.0
0.0062,0.018,0.0852,0.5009,0.3897,10.0
0.005,0.0778,0.4115,0.4775,0.0282,7.0
0.0071,0.0206,0.0723,0.4726,0.4274,9.0
0.0211,0.0939,0.2835,0.4566,0.1449,9.0
0.1955,0.3702,0.2584,0.1362,0.0397,6.0
0.0278,0.067,0.1078,0.4845,0.3129,8.0
0.1317,0.3042,0.4769,0.0786,0.0085,0.0
0.0118,0.0495,0.1784,0.5677,0.1927,9.0
0.0902,0.4133,0.3968,0.087,0.0127,4.0
0.04,0.1457,0.292,0.3888,0.1335,8.0
0.0181,0.0767,0.2321,0.4948,0.1783,10.0
0.0019,0.0044,0.0258,0.373,0.5949,10.0
0.0014,0.0071,0.0966,0.804,0.0909,10.0
0.077,0.1588,0.2027,0.3969,0.1646,9.0
0.1557,0.377,0.2917,0.1359,0.0397,0.0
0.0017,0.0016,0.0032,0.0433,0.9502,10.0
0.0141,0.072,0.2219,0.5108,0.1812,9.0
0.024,0.0657,0.1589,0.438,0.3134,10.0
0.0278,0.1678,0.4085,0.365,0.0308,9.0
0.0624,0.2277,0.379,0.2688,0.0621,6.0
0.0942,0.1994,0.2707,0.3215,0.1142,0.0
0.0268,0.0817,0.1761,0.3985,0.3169,10.0
0.0256,0.1096,0.2203,0.4568,0.1876,10.0
0.0155,0.2712,0.6715,0.0407,0.0011,7.0
0.0213,0.0355,0.0588,0.3742,0.5103,10.0
0.0008,0.0009,0.0028,0.0583,0.9372,10.0
0.0228,0.046,0.1288,0.4016,0.4008,8.0
0.7192,0.225,0.0324,0.0125,0.0111,0.0
0.0607,0.3581,0.4134,0.1526,0.0152,4.0
0.0987,0.3966,0.3497,0.1357,0.0194,0.0
0.0144,0.033,0.075,0.4174,0.4602,0.0
0.3852,0.193,0.1082,0.0881,0.2255,10.0
0.0024,0.0087,0.082,0.6713,0.2357,9.0
0.0172,0.0283,0.2854,0.6442,0.0249,7.0
0.1109,0.078,0.0366,0.1319,0.6427,10.0
0.1042,0.1371,0.1003,0.231,0.4276,8.0
0.006,0.0341,0.1762,0.589,0.1946,9.0
0.0045,0.0209,0.0457,0.9174,0.0116,8.0
0.0027,0.0239,0.3231,0.5977,0.0526,9.0
0.0069,0.0177,0.0418,0.3281,0.6055,10.0
0.2165,0.4021,0.2361,0.1048,0.0406,7.0
0.0475,0.1449,0.1995,0.398,0.2101,10.0
0.0038,0.0293,0.1529,0.5774,0.2365,10.0
0.066,0.3364,0.3833,0.1813,0.033,4.0
0.0272,0.4224,0.4733,0.0728,0.0043,7.0
0.2707,0.3299,0.157,0.1315,0.1108,9.0
0.0123,0.1067,0.3416,0.4672,0.0722,0.0
0.0044,0.0141,0.0863,0.5629,0.3323,10.0
0.0053,0.0297,0.172,0.7308,0.0621,9.0
0.0062,0.0098,0.0253,0.1487,0.81,9.0
0.0125,0.0488,0.1395,0.5599,0.2393,10.0
0.0114,0.1352,0.4374,0.3901,0.0259,7.0
0.1482,0.088,0.047,0.1307,0.586,10.0
0.0311,0.1356,0.2325,0.4092,0.1916,10.0
0.7632,0.1707,0.0225,0.015,0.0286,9.0
0.0399,0.2857,0.5619,0.1094,0.0032,7.0
0.0124,0.1116,0.4352,0.388,0.0527,9.0
0.0364,0.0897,0.1481,0.4686,0.2573,10.0
0.0056,0.0516,0.4463,0.4628,0.0337,7.0
0.0009,0.0021,0.0093,0.1868,0.801,10.0
0.0208,0.1482,0.3103,0.5032,0.0175,8.0
0.0664,0.4173,0.3922,0.1122,0.0119,8.0
0.013,0.0338,0.1182,0.4996,0.3353,10.0
0.2268,0.3652,0.1764,0.1484,0.0832,3.0
0.2817,0.6518,0.0638,0.0022,0.0005,4.0
0.0093,0.0506,0.2124,0.4652,0.2625,10.0
0.0211,0.0408,0.0785,0.3554,0.5042,10.0
0.0007,0.0016,0.023,0.568,0.4066,10.0
0.0191,0.0666,0.2049,0.4175,0.292,9.0
0.0153,0.0707,0.2177,0.5103,0.186,10.0
0.0058,0.0118,0.0278,0.213,0.7415,10.0
0.0011,0.0026,0.0107,0.2419,0.7436,10.0
0.4746,0.4528,0.0618,0.0082,0.0026,2.0
0.1248,0.5772,0.2354,0.0554,0.0073,5.0
0.169,0.3034,0.1818,0.2383,0.1075,8.0
0.019,0.2581,0.5054,0.204,0.0135,9.0
0.175,0.311,0.2252,0.1996,0.0893,1.0
0.0374,0.1514,0.2797,0.4099,0.1216,10.0
0.0549,0.2799,0.4424,0.2021,0.0206,10.0
0.0023,0.0072,0.0528,0.5314,0.4063,9.0
0.1841,0.6081,0.1598,0.0366,0.0114,1.0
0.2877,0.1182,0.064,0.1538,0.3764,10.0
0.0079,0.0634,0.286,0.6313,0.0114,8.0
0.0822,0.1168,0.2018,0.3098,0.2894,10.0
0.1203,0.2873,0.2429,0.2046,0.1449,10.0
0.0714,0.3283,0.2947,0.2505,0.0551,8.0
0.0236,0.2527,0.4583,0.2505,0.015,8.0
0.0979,0.2303,0.1479,0.2636,0.2603,9.0
0.0272,0.1162,0.2043,0.4147,0.2376,10.0
0.0029,0.0038,0.0112,0.1719,0.8102,10.0
0.0157,0.1261,0.5323,0.2695,0.0564,10.0
0.0082,0.0319,0.1364,0.5876,0.2359,0.0
0.0011,0.0083,0.9758,0.0131,0.0018,7.0
0.3155,0.191,0.0798,0.1067,0.307,10.0
0.0012,0.0014,0.0037,0.0534,0.9403,0.0
0.0173,0.0382,0.076,0.3457,0.5227,10.0
0.0192,0.0553,0.2265,0.5156,0.1834,9.0
0.3286,0.4046,0.1697,0.0673,0.0298,0.0
0.0011,0.0022,0.019,0.3474,0.6302,10.0
0.0094,0.0253,0.0526,0.334,0.5787,10.0
0.0045,0.0148,0.0905,0.5211,0.369,7.0
0.0838,0.2792,0.3532,0.2258,0.0581,0.0
0.0627,0.1488,0.1505,0.3291,0.309,0.0
0.4655,0.4923,0.0403,0.0014,0.0005,1.0
0.0507,0.0851,0.0836,0.1977,0.5828,10.0
0.0184,0.0721,0.2425,0.5075,0.1595,10.0
0.0107,0.081,0.4061,0.4355,0.0667,0.0
0.0061,0.0049,0.0075,0.0611,0.9205,10.0
0.0026,0.0075,0.0389,0.4107,0.5403,0.0
0.0175,0.0394,0.0734,0.344,0.5258,8.0
0.012,0.0259,0.0574,0.3404,0.5644,0.0
0.0143,0.0242,0.0224,0.1466,0.7925,0.0
0.0656,0.1359,0.1753,0.3186,0.3046,3.0
0.161,0.1906,0.1264,0.2493,0.2727,8.0
0.0134,0.0353,0.1046,0.5282,0.3185,10.0
0.009,0.0133,0.0216,0.1535,0.8026,0.0
0.0073,0.0808,0.5195,0.3813,0.0111,3.0
0.0814,0.3728,0.431,0.1039,0.0109,7.0
0.1605,0.326,0.2281,0.2226,0.0628,3.0
0.0104,0.063,0.2437,0.5786,0.1042,9.0
0.0651,0.4119,0.3685,0.1395,0.015,5.0
0.0352,0.2658,0.4254,0.2468,0.0268,6.0
0.013,0.152,0.6248,0.2021,0.0082,10.0
0.3889,0.2893,0.1041,0.0847,0.1329,9.0
0.0568,0.4786,0.4614,0.0027,0.0005,3.0
0.0071,0.0039,0.003,0.0214,0.9646,10.0
0.1327,0.2207,0.1569,0.2054,0.2843,9.0
0.0072,0.0396,0.1763,0.6055,0.1714,8.0
0.0113,0.0893,0.2856,0.5531,0.0607,0.0
0.0578,0.306,0.3889,0.2298,0.0175,7.0
0.1105,0.1682,0.1401,0.3331,0.2482,0.0
0.0033,0.0072,0.0346,0.3483,0.6065,10.0
0.1042,0.1674,0.1755,0.2634,0.2895,10.0
0.0118,0.0398,0.0938,0.5691,0.2855,10.0
0.0863,0.338,0.3489,0.1921,0.0347,10.0
0.0932,0.4375,0.3862,0.0773,0.0057,6.0
0.0022,0.0124,0.0708,0.6368,0.2778,10.0
0.0441,0.325,0.4721,0.1457,0.013,0.0
0.0061,0.0665,0.3618,0.529,0.0367,8.0
0.0047,0.0035,0.0059,0.0501,0.9358,10.0
0.7815,0.1994,0.0166,0.0017,0.0008,4.0
0.0431,0.1399,0.2542,0.4111,0.1517,5.0
0.0023,0.0021,0.0034,0.0276,0.9646,10.0
0.0355,0.0357,0.0609,0.2629,0.605,10.0
0.011,0.0579,0.2939,0.5209,0.1163,0.0
0.0082,0.0203,0.0563,0.4317,0.4835,0.0
0.0078,0.015,0.043,0.3306,0.6035,8.0
0.0287,0.0655,0.0999,0.4404,0.3655,8.0
0.0514,0.1785,0.3421,0.3586,0.0695,0.0
0.1611,0.3338,0.2685,0.1798,0.0568,10.0
0.0065,0.0438,0.2843,0.5876,0.0779,9.0
0.4496,0.1476,0.0505,0.0796,0.2727,10.0
0.5297,0.3252,0.0709,0.0383,0.0358,0.0
0.3819,0.5371,0.0671,0.0096,0.0043,0.0
0.4414,0.4647,0.0722,0.0141,0.0076,0.0
0.0021,0.0077,0.0605,0.6744,0.2554,0.0
0.0947,0.4953,0.3522,0.0519,0.0059,3.0
0.002,0.0044,0.0316,0.3479,0.6142,0.0
0.0183,0.0424,0.1102,0.3653,0.4638,10.0
0.0271,0.0932,0.4684,0.3395,0.0719,0.0
0.001,0.0008,0.0014,0.0096,0.9872,10.0
0.0035,0.0159,0.0989,0.5383,0.3435,9.0
0.0057,0.0525,0.3329,0.5626,0.0463,0.0
0.1289,0.2403,0.1997,0.2528,0.1784,8.0
0.0713,0.6482,0.2459,0.0318,0.0027,0.0
0.0057,0.0182,0.1084,0.5043,0.3632,10.0
0.0124,0.022,0.0606,0.2947,0.6103,10.0
0.0283,0.0227,0.0275,0.1343,0.7872,9.0
0.0287,0.0629,0.0927,0.3272,0.4884,8.0
0.0902,0.1238,0.1072,0.2531,0.4256,0.0
0.0983,0.0648,0.0363,0.1354,0.6652,10.0
0.1667,0.6888,0.1362,0.0074,0.001,4.0
0.0195,0.2192,0.4445,0.2899,0.0269,7.0
0.0014,0.0032,0.0327,0.4615,0.5012,9.0
0.2037,0.5622,0.2082,0.0219,0.004,8.0
0.0228,0.1206,0.3071,0.4527,0.0967,0.0
0.0038,0.0217,0.1456,0.6762,0.1528,0.0
0.0185,0.0738,0.2857,0.554,0.068,9.0
0.0208,0.2548,0.6846,0.0382,0.0017,6.0
0.0144,0.0661,0.2594,0.4813,0.1788,10.0
0.0423,0.0519,0.0613,0.195,0.6496,8.0
0.0504,0.0451,0.0699,0.2121,0.6226,10.0
0.1943,0.6822,0.1133,0.0087,0.0014,6.0
0.0823,0.4668,0.42,0.0291,0.0019,7.0
0.0071,0.0321,0.147,0.6691,0.1446,0.0
0.0018,0.0021,0.0045,0.0687,0.9228,10.0
0.1245,0.4651,0.3044,0.0926,0.0134,0.0
0.1032,0.508,0.3485,0.0381,0.0023,0.0
0.0139,0.1181,0.5363,0.3175,0.0143,7.0
0.0011,0.0015,0.0077,0.2069,0.7827,0.0
0.0263,0.1781,0.4163,0.3042,0.0751,7.0
0.0026,0.004,0.0214,0.2514,0.7207,0.0
0.0286,0.1282,0.2667,0.4788,0.0977,8.0
0.0112,0.0196,0.0525,0.346,0.5707,9.0
0.1246,0.158,0.2087,0.2701,0.2387,10.0
0.0133,0.1751,0.6506,0.1566,0.0044,6.0
0.0071,0.0147,0.0455,0.2473,0.6854,10.0
0.144,0.4724,0.2581,0.103,0.0225,0.0
0.0157,0.1059,0.3476,0.5097,0.0211,8.0
0.0169,0.2613,0.5566,0.1545,0.0106,2.0
0.4286,0.4106,0.109,0.0347,0.0171,0.0
0.22,0.5685,0.1683,0.0349,0.0083,8.0
0.0699,0.0521,0.0358,0.0627,0.7796,9.0
0.1063,0.1075,0.1395,0.2405,0.4062,0.0
0.0098,0.2611,0.6908,0.0374,0.0009,5.0
0.104,0.3493,0.3381,0.1643,0.0443,9.0
0.0367,0.0554,0.0674,0.2558,0.5847,10.0
0.002,0.006,0.0408,0.4319,0.5193,0.0
0.0302,0.0902,0.2855,0.4399,0.1542,8.0
0.0016,0.0024,0.0166,0.2607,0.7188,10.0
0.004,0.1002,0.7367,0.1559,0.0031,7.0
0.233,0.2917,0.1946,0.1743,0.1064,0.0
0.0464,0.1056,0.1151,0.3438,0.389,0.0
0.0448,0.3614,0.374,0.1924,0.0274,0.0
0.6449,0.3311,0.0202,0.0023,0.0014,1.0
0.1851,0.4679,0.2095,0.1111,0.0264,0.0
0.0078,0.0477,0.2701,0.5379,0.1365,0.0
0.017,0.014,0.0126,0.9428,0.0136,0.0
0.0047,0.0212,0.1142,0.5804,0.2796,0.0
0.0056,0.0085,0.0164,0.2048,0.7647,9.0
0.7461,0.229,0.019,0.0035,0.0023,0.0
0.1983,0.2818,0.2765,0.1799,0.0634,10.0
0.1899,0.4632,0.2531,0.0764,0.0174,7.0
0.002,0.0016,0.0022,0.0121,0.9821,10.0
0.0733,0.4988,0.3787,0.0477,0.0015,6.0
0.0101,0.0174,0.0963,0.4587,0.4175,10.0
0.0125,0.0682,0.2189,0.5285,0.1718,10.0
0.0047,0.0162,0.1018,0.625,0.2523,10.0
0.2033,0.5285,0.2527,0.0144,0.0011,7.0
0.0405,0.2494,0.4339,0.2484,0.0278,8.0
0.0125,0.0184,0.0492,0.336,0.584,8.0
0.0009,0.0012,0.0054,0.081,0.9115,10.0
0.3187,0.5214,0.1191,0.0309,0.0098,0.0
0.045,0.3513,0.5795,0.0231,0.0011,5.0
0.0679,0.343,0.4795,0.1016,0.008,6.0
0.0046,0.0889,0.5423,0.347,0.0173,0.0
0.0283,0.0206,0.046,0.1722,0.7329,0.0
0.0103,0.0287,0.1798,0.5116,0.2697,9.0
0.1533,0.0807,0.0496,0.12,0.5964,9.0
0.0098,0.1333,0.2931,0.5572,0.0067,8.0
0.4923,0.3258,0.1488,0.0229,0.0103,7.0
0.0631,0.2522,0.4227,0.2148,0.0472,9.0
0.1696,0.4918,0.2506,0.0771,0.0109,3.0
0.0025,0.014,0.1442,0.6758,0.1634,0.0
0.2594,0.1683,0.1294,0.1994,0.2435,10.0
0.0406,0.0433,0.0638,0.256,0.5964,0.0
0.0165,0.0851,0.2661,0.5239,0.1084,8.0
0.0094,0.0688,0.452,0.4327,0.037,0.0
0.0144,0.1559,0.6202,0.1998,0.0096,6.0
0.0088,0.0895,0.4676,0.3966,0.0376,0.0
0.0458,0.1341,0.3414,0.3763,0.1024,10.0
0.3724,0.2556,0.1357,0.1518,0.0846,0.0
0.0028,0.0038,0.0114,0.1123,0.8697,9.0
0.0182,0.0989,0.2464,0.5057,0.1309,0.0
0.0062,0.0027,0.004,0.015,0.9721,10.0
0.0183,0.2062,0.5491,0.2083,0.0181,8.0
0.0033,0.036,0.3255,0.5944,0.0409,0.0
0.0045,0.0083,0.0187,0.2043,0.7642,10.0
0.0658,0.1177,0.0836,0.2064,0.5265,10.0
0.2407,0.2867,0.226,0.1607,0.0859,10.0
0.144,0.6204,0.1994,0.032,0.0041,5.0
0.0883,0.1307,0.1221,0.2735,0.3855,9.0
0.0812,0.3054,0.3845,0.18,0.0489,7.0
0.0232,0.0284,0.0795,0.2936,0.5753,0.0
0.0234,0.1589,0.4108,0.3345,0.0724,10.0
0.0047,0.0045,0.0181,0.1872,0.7856,0.0
0.0131,0.0631,0.4263,0.3808,0.1167,0.0
0.0171,0.016,0.0423,0.2855,0.6391,10.0
0.0797,0.4765,0.4041,0.0371,0.0025,6.0
0.0243,0.0536,0.1079,0.3917,0.4225,9.0
0.0009,0.0015,0.0052,0.0946,0.8978,10.0
0.0171,0.0663,0.2193,0.5524,0.1449,0.0
0.0018,0.0015,0.0055,0.07,0.9211,10.0
0.0071,0.0059,0.0059,0.0302,0.9509,10.0
0.0057,0.0073,0.0161,0.1436,0.8273,0.0
0.0746,0.3884,0.2951,0.1946,0.0473,0.0
0.0133,0.0424,0.1158,0.4874,0.3411,0.0
0.1305,0.3613,0.2767,0.188,0.0434,7.0
0.2233,0.5244,0.1936,0.053,0.0056,0.0
0.0015,0.0016,0.005,0.0754,0.9165,10.0
0.0037,0.0035,0.0076,0.0867,0.8984,0.0
0.0154,0.0213,0.048,0.2516,0.6637,0.0
0.0096,0.1726,0.6515,0.1623,0.004,7.0
0.0074,0.0071,0.0195,0.144,0.822,9.0
0.3136,0.5915,0.0796,0.0119,0.0034,3.0
0.0141,0.0228,0.0528,0.286,0.6243,10.0
0.133,0.1967,0.5286,0.1027,0.039,3.0
0.0053,0.0032,0.0038,0.0326,0.955,10.0
0.2018,0.51,0.2386,0.0427,0.0068,0.0
0.026,0.195,0.4629,0.2772,0.0389,8.0
0.0452,0.1973,0.3432,0.3222,0.0921,0.0
0.0109,0.0349,0.124,0.4935,0.3367,10.0
0.0965,0.1844,0.1841,0.3235,0.2116,10.0
0.6093,0.3454,0.0386,0.0041,0.0026,6.0
0.1142,0.1528,0.1166,0.2112,0.4052,10.0
0.1462,0.7292,0.1207,0.0034,0.0004,0.0
0.2245,0.2765,0.1513,0.1678,0.1799,0.0
0.0008,0.0006,0.0013,0.0162,0.9811,10.0
0.0014,0.0021,0.0172,0.2697,0.7095,0.0
0.01,0.0217,0.0979,0.6461,0.2244,0.0
0.0183,0.0871,0.2452,0.5216,0.1278,0.0
0.1215,0.4137,0.3102,0.1284,0.0262,0.0
0.0268,0.1161,0.3604,0.4254,0.0713,9.0
0.0114,0.0305,0.1295,0.569,0.2596,0.0
0.6391,0.2878,0.0513,0.0118,0.01,1.0
0.0017,0.004,0.0327,0.2949,0.6667,10.0
0.0322,0.1479,0.3065,0.4233,0.0901,0.0
0.0719,0.2753,0.356,0.2528,0.044,10.0
0.0192,0.0751,0.1852,0.4955,0.2249,10.0
0.2802,0.2718,0.195,0.1674,0.0856,10.0
0.0064,0.0359,0.2178,0.6137,0.1261,8.0
0.0669,0.2137,0.3829,0.2936,0.0428,6.0
0.0091,0.014,0.0417,0.2724,0.6628,10.0
0.141,0.4862,0.277,0.084,0.0118,0.0
0.0789,0.2854,0.2957,0.2447,0.0953,0.0
0.0219,0.2069,0.5456,0.2044,0.0211,0.0
0.0474,0.4855,0.3904,0.0729,0.0038,7.0
0.1569,0.2579,0.1905,0.2273,0.1673,7.0
0.0047,0.0099,0.0233,0.1938,0.7682,10.0
0.0771,0.1165,0.1433,0.2695,0.3936,10.0
0.196,0.2145,0.179,0.2464,0.1641,10.0
0.1036,0.5812,0.2761,0.035,0.0041,6.0
0.0018,0.0017,0.0033,0.0913,0.902,9.0
0.0022,0.0169,0.1726,0.6763,0.132,7.0
0.0193,0.1735,0.5415,0.2586,0.007,9.0
0.0093,0.0557,0.2502,0.6399,0.0449,8.0
0.2581,0.5473,0.1433,0.0429,0.0084,0.0
0.0259,0.0725,0.139,0.4723,0.2902,10.0
0.0036,0.0043,0.0112,0.1248,0.856,10.0
0.41,0.4037,0.1115,0.0458,0.0291,4.0
0.1036,0.5271,0.3442,0.0228,0.0022,5.0
0.0174,0.0526,0.1009,0.3398,0.4893,0.0
0.0024,0.0074,0.0393,0.3979,0.553,0.0
0.0441,0.1401,0.2077,0.3918,0.2163,0.0
0.0075,0.0801,0.5203,0.3698,0.0223,0.0
0.004,0.0438,0.5395,0.4038,0.0089,0.0
0.1908,0.7061,0.0995,0.0032,0.0004,0.0
0.0099,0.0206,0.0497,0.217,0.7028,0.0
0.061,0.2081,0.2672,0.3062,0.1576,10.0
0.0031,0.0059,0.0337,0.3108,0.6464,10.0
0.0098,0.0126,0.0195,0.145,0.8132,9.0
0.0012,0.0019,0.0146,0.2356,0.7467,9.0
0.0086,0.0117,0.0325,0.2264,0.7207,10.0
0.0261,0.0394,0.0923,0.2716,0.5706,0.0
0.0611,0.09,0.1225,0.1833,0.5431,10.0
0.0176,0.0406,0.0981,0.4054,0.4383,10.0
0.0468,0.1268,0.1553,0.4297,0.2414,8.0
0.6167,0.2916,0.0568,0.0204,0.0146,0.0
0.0028,0.0044,0.0117,0.1808,0.8004,10.0
0.0895,0.152,0.1244,0.303,0.3312,10.0
0.0262,0.0329,0.0328,0.2009,0.7072,10.0
0.0024,0.003,0.0111,0.1407,0.8428,9.0
0.0144,0.0078,0.0084,0.031,0.9384,0.0
0.0023,0.0023,0.0062,0.0459,0.9432,10.0
0.0013,0.0019,0.0071,0.0848,0.9049,9.0
0.2147,0.3191,0.1836,0.1866,0.096,0.0
0.0237,0.1583,0.3932,0.3745,0.0503,10.0
0.0027,0.0379,0.5116,0.438,0.0098,8.0
0.0169,0.0461,0.2428,0.5885,0.1056,0.0
0.0106,0.0083,0.0209,0.0707,0.8894,10.0
0.016,0.0999,0.3664,0.4558,0.0619,10.0
0.016,0.0491,0.091,0.4152,0.4286,0.0
0.0163,0.0247,0.0375,0.1959,0.7256,0.0
0.0461,0.1791,0.2669,0.3534,0.1545,10.0
0.0005,0.0009,0.0042,0.1079,0.8865,10.0
0.0273,0.0277,0.0336,0.1777,0.7337,0.0
0.0009,0.0039,0.1003,0.7414,0.1535,8.0
0.0187,0.0366,0.0569,0.2542,0.6335,0.0
0.0034,0.0063,0.0278,0.2624,0.7001,10.0
0.2376,0.4155,0.203,0.1017,0.0422,0.0
0.0011,0.0009,0.0034,0.0676,0.927,10.0
0.1435,0.397,0.2849,0.1354,0.0391,6.0
0.0019,0.002,0.0071,0.1122,0.8768,10.0
0.0028,0.0105,0.0704,0.7652,0.1512,0.0
0.0701,0.5695,0.3393,0.0194,0.0016,4.0
0.0152,0.0486,0.1432,0.5267,0.2663,10.0
0.0237,0.1112,0.2585,0.4959,0.1107,10.0
0.0031,0.0046,0.0112,0.1542,0.8269,10.0
0.0088,0.0155,0.0239,0.1917,0.7601,0.0
0.0114,0.0101,0.0177,0.1152,0.8456,0.0
0.0134,0.0645,0.1739,0.4874,0.2608,10.0
0.0282,0.1626,0.3678,0.3659,0.0756,0.0
0.0042,0.0214,0.1125,0.5746,0.2873,9.0
0.0049,0.0074,0.0127,0.083,0.8919,10.0
0.0641,0.0584,0.0679,0.1509,0.6587,10.0
0.0106,0.0469,0.1897,0.6048,0.148,10.0
0.2077,0.2155,0.1586,0.2203,0.1978,0.0
0.0106,0.0097,0.0244,0.1772,0.7782,10.0
0.0723,0.2723,0.3593,0.2569,0.0392,0.0
0.0092,0.0871,0.5698,0.3182,0.0156,8.0
0.0049,0.0058,0.0155,0.0673,0.9066,10.0
0.0789,0.2931,0.3217,0.2334,0.0729,10.0
0.3731,0.3468,0.1704,0.0795,0.0303,0.0
0.0319,0.3629,0.5586,0.0428,0.0038,0.0
0.0447,0.1342,0.1646,0.4162,0.2403,9.0
0.0144,0.014,0.0217,0.1188,0.831,10.0
0.0053,0.0339,0.3411,0.5948,0.0248,9.0
0.0049,0.0057,0.1033,0.6637,0.2225,7.0
0.0262,0.0752,0.1001,0.3572,0.4413,0.0
0.0083,0.0146,0.0348,0.2315,0.7108,10.0
0.0034,0.0033,0.0105,0.125,0.8578,0.0
0.016,0.034,0.0589,0.2951,0.596,10.0
0.0315,0.0948,0.1856,0.4596,0.2286,10.0
0.0701,0.2648,0.2776,0.2279,0.1595,7.0
0.0751,0.1487,0.1418,0.3311,0.3033,8.0
0.007,0.0114,0.0236,0.1592,0.7989,0.0
0.0146,0.0665,0.1711,0.4449,0.303,10.0
0.0014,0.0024,0.0133,0.2637,0.7193,0.0
0.019,0.0374,0.1166,0.3979,0.4292,9.0
0.0126,0.0786,0.2116,0.5674,0.1299,0.0
0.19,0.6981,0.103,0.0075,0.0014,10.0
0.1185,0.3337,0.2932,0.1913,0.0633,1.0
0.0286,0.1373,0.2482,0.4975,0.0884,9.0
0.0009,0.0011,0.0034,0.07,0.9247,10.0
0.0162,0.0884,0.405,0.457,0.0333,10.0
0.0023,0.0057,0.0203,0.3526,0.6191,0.0
0.1683,0.0949,0.0721,0.1502,0.5144,0.0
0.0074,0.0335,0.2212,0.6006,0.1374,0.0
0.0066,0.0277,0.1311,0.5633,0.2713,7.0
0.035,0.0307,0.0217,0.089,0.8236,10.0
0.0122,0.062,0.2055,0.5237,0.1966,10.0
0.0981,0.1694,0.22,0.384,0.1285,7.0
0.0081,0.0554,0.2489,0.5748,0.1128,10.0
0.0018,0.0051,0.0327,0.4769,0.4835,9.0
0.0163,0.0654,0.2264,0.5366,0.1552,0.0
0.0026,0.0046,0.0198,0.3397,0.6334,10.0
0.0017,0.003,0.0188,0.2627,0.7138,8.0
0.0663,0.1666,0.2737,0.362,0.1314,9.0
0.0019,0.0021,0.0073,0.1077,0.881,10.0
0.006,0.0083,0.0182,0.155,0.8125,10.0
0.0039,0.0117,0.061,0.4743,0.4491,5.0
0.2107,0.3836,0.2555,0.1121,0.0381,8.0
0.0024,0.018,0.2752,0.6385,0.0659,0.0
0.0147,0.0554,0.1188,0.468,0.3431,7.0
0.0565,0.0855,0.1734,0.2294,0.4551,0.0
0.0705,0.1153,0.1434,0.3113,0.3595,0.0
0.0887,0.2869,0.2734,0.2863,0.0647,10.0
0.0027,0.0265,0.4112,0.5316,0.028,8.0
0.0097,0.1591,0.6089,0.209,0.0132,0.0
0.0049,0.0753,0.419,0.4643,0.0365,7.0
0.0481,0.2102,0.3402,0.2947,0.1068,10.0
0.2042,0.5879,0.1648,0.0364,0.0067,1.0
0.0054,0.0067,0.0087,0.066,0.9131,10.0
0.0109,0.0118,0.0306,0.268,0.6786,10.0
0.1172,0.2548,0.1747,0.2789,0.1744,0.0
0.4374,0.3932,0.0868,0.0421,0.0404,0.0
0.0035,0.0083,0.0263,0.3253,0.6366,0.0
0.0025,0.0061,0.0527,0.3907,0.5481,9.0
0.053,0.1991,0.3332,0.308,0.1066,9.0
0.0034,0.0031,0.0065,0.155,0.8321,0.0
0.0034,0.0031,0.0065,0.155,0.8321,0.0
0.0273,0.1401,0.2831,0.3956,0.1538,9.0
0.024,0.1519,0.3462,0.4113,0.0666,0.0
0.006,0.0229,0.1145,0.7303,0.1263,9.0
0.0689,0.1932,0.3306,0.3129,0.0944,0.0
0.0241,0.2093,0.4167,0.3088,0.0411,10.0
0.0046,0.0081,0.0248,0.2118,0.7507,10.0
0.0022,0.0258,0.5476,0.4177,0.0068,7.0
0.0122,0.0269,0.0616,0.3956,0.5037,0.0
0.0891,0.2274,0.2377,0.3245,0.1213,9.0
0.0583,0.1631,0.2606,0.3533,0.1647,10.0
0.003,0.0218,0.452,0.5068,0.0164,7.0
0.0415,0.3233,0.4809,0.1445,0.0098,6.0
0.0233,0.1823,0.4767,0.2935,0.0242,7.0
0.2662,0.5571,0.1398,0.0292,0.0078,3.0
0.0314,0.2606,0.4047,0.2656,0.0377,10.0
0.1477,0.1513,0.1137,0.1823,0.405,0.0
0.0035,0.0136,0.0593,0.5376,0.386,10.0
0.0836,0.4648,0.3901,0.0583,0.0031,8.0
0.0026,0.0031,0.0062,0.0738,0.9143,10.0
0.1839,0.3572,0.2027,0.1791,0.077,0.0
0.0202,0.0823,0.2727,0.4903,0.1345,0.0
0.0077,0.0217,0.1378,0.5413,0.2914,10.0
0.0068,0.0142,0.0384,0.3157,0.6249,10.0
0.1522,0.2043,0.1408,0.2451,0.2576,9.0
0.6019,0.3557,0.0346,0.0047,0.0031,0.0
0.001,0.0018,0.0121,0.2234,0.7617,9.0
0.0008,0.001,0.0029,0.0458,0.9496,10.0
0.007,0.0111,0.0229,0.2479,0.7111,10.0
0.0726,0.3136,0.327,0.2332,0.0536,7.0
0.0065,0.0167,0.0703,0.5594,0.3471,10.0
0.0061,0.0314,0.2085,0.6391,0.1149,10.0
0.0152,0.0389,0.0918,0.3447,0.5094,10.0
0.1042,0.3098,0.2987,0.1759,0.1114,10.0
0.0036,0.0049,0.0173,0.2545,0.7197,0.0
0.0056,0.0299,0.1782,0.6446,0.1417,8.0
0.0092,0.0221,0.0696,0.3916,0.5075,10.0
0.0014,0.0041,0.0298,0.3839,0.5808,10.0
0.0187,0.0492,0.1114,0.4407,0.38,10.0
0.0153,0.0272,0.0555,0.2964,0.6055,10.0
0.1573,0.5118,0.2775,0.0466,0.0068,0.0
0.0078,0.039,0.1967,0.6527,0.1038,10.0
0.0041,0.0036,0.005,0.0173,0.9701,10.0
0.0039,0.0156,0.1223,0.6083,0.2499,0.0
0.013,0.0576,0.1924,0.5257,0.2112,0.0
