0,1,2,3,4,5
0.0045,0.0126,0.0457,0.3737,0.5635,10.0
0.0112,0.024,0.0514,0.2997,0.6137,9.0
0.0386,0.1359,0.3131,0.3795,0.133,10.0
0.0018,0.0023,0.0034,0.0617,0.9309,10.0
0.003,0.0096,0.1052,0.813,0.0692,7.0
0.0019,0.0043,0.0169,0.2855,0.6914,10.0
0.0033,0.0245,0.1585,0.6539,0.1597,9.0
0.0057,0.0284,0.117,0.6084,0.2405,7.0
0.0014,0.003,0.0103,0.1691,0.8162,10.0
0.0035,0.0096,0.0426,0.3603,0.5841,9.0
0.0037,0.0323,0.2019,0.6414,0.1207,8.0
0.0041,0.0295,0.2654,0.5255,0.1755,10.0
0.0651,0.1214,0.1347,0.3239,0.355,10.0
0.0018,0.0057,0.037,0.5283,0.4271,10.0
0.0127,0.0412,0.1729,0.5751,0.1981,9.0
0.0013,0.0019,0.0053,0.0599,0.9315,10.0
0.0063,0.0372,0.1807,0.6232,0.1525,10.0
0.0056,0.0289,0.1358,0.58,0.2496,10.0
0.0948,0.4248,0.3664,0.0986,0.0155,6.0
0.1404,0.4149,0.2494,0.1617,0.0336,9.0
0.041,0.0992,0.2673,0.384,0.2085,10.0
0.0367,0.1453,0.3393,0.376,0.1028,10.0
0.0018,0.0067,0.0275,0.3614,0.6026,10.0
0.0027,0.0244,0.2244,0.6997,0.0489,7.0
0.0047,0.0283,0.4038,0.5396,0.0236,8.0
0.0041,0.0382,0.4339,0.5105,0.0133,7.0
0.0024,0.0068,0.0443,0.4162,0.5303,10.0
0.007,0.0615,0.3498,0.5271,0.0547,9.0
0.0014,0.0023,0.0062,0.1001,0.89,8.0
0.0015,0.0042,0.03,0.4041,0.5602,10.0
0.0263,0.0169,0.0262,0.0923,0.8383,10.0
0.0027,0.0275,0.3809,0.4973,0.0917,9.0
0.0083,0.0676,0.2212,0.5456,0.1573,10.0
0.0158,0.0195,0.0216,0.1319,0.8112,10.0
0.004,0.0203,0.1869,0.5058,0.283,8.0
0.0138,0.0297,0.1433,0.4456,0.3676,10.0
0.0037,0.0556,0.5113,0.4123,0.017,7.0
0.0797,0.3334,0.4342,0.1417,0.011,7.0
0.009,0.0821,0.5442,0.3425,0.0222,4.0
0.0462,0.2678,0.3482,0.2967,0.041,8.0
0.0069,0.0185,0.0519,0.4436,0.4791,10.0
0.0059,0.0608,0.3598,0.5161,0.0574,10.0
0.008,0.0693,0.3426,0.4941,0.086,8.0
0.008,0.0152,0.0345,0.2703,0.672,10.0
0.0023,0.005,0.0245,0.3509,0.6173,8.0
0.0034,0.0115,0.0441,0.3514,0.5896,10.0
0.0156,0.0455,0.1052,0.5089,0.3248,8.0
0.0071,0.0382,0.163,0.597,0.1947,10.0
0.0167,0.0331,0.1404,0.3865,0.4234,8.0
0.0054,0.0307,0.1655,0.6116,0.1867,10.0
0.4166,0.4107,0.1397,0.0262,0.0069,4.0
0.2893,0.4593,0.1697,0.0633,0.0184,10.0
0.0006,0.0009,0.0041,0.0647,0.9297,10.0
0.0078,0.0708,0.2677,0.5686,0.0851,9.0
0.001,0.0018,0.015,0.2288,0.7533,10.0
0.0279,0.1539,0.3182,0.3516,0.1483,9.0
0.2119,0.4317,0.2449,0.0891,0.0224,3.0
0.0412,0.1791,0.4158,0.3082,0.0557,9.0
0.001,0.0048,0.0578,0.6374,0.299,10.0
0.0584,0.1148,0.1308,0.3322,0.3638,10.0
0.0284,0.1573,0.2608,0.4248,0.1287,10.0
0.0681,0.0448,0.0483,0.1731,0.6656,9.0
0.0175,0.1171,0.3479,0.4539,0.0637,8.0
0.0114,0.0104,0.0191,0.1045,0.8547,10.0
0.0044,0.0075,0.0272,0.2391,0.7218,9.0
0.003,0.0121,0.1357,0.5858,0.2635,10.0
0.0013,0.0022,0.0086,0.1773,0.8106,9.0
0.1652,0.1788,0.2771,0.2239,0.1549,9.0
0.0011,0.0031,0.0538,0.5362,0.4058,9.0
0.0032,0.0101,0.0457,0.435,0.506,10.0
0.0443,0.0229,0.0217,0.0457,0.8654,10.0
0.8957,0.0974,0.0061,0.0005,0.0004,1.0
0.0457,0.4369,0.4634,0.0514,0.0026,5.0
0.0056,0.0299,0.197,0.5613,0.2061,10.0
0.1651,0.3152,0.2267,0.177,0.116,4.0
0.0029,0.0031,0.0074,0.0819,0.9047,10.0
0.1964,0.384,0.2915,0.0893,0.0389,7.0
0.0014,0.0051,0.0594,0.5537,0.3805,10.0
0.5012,0.4148,0.0757,0.0065,0.0018,8.0
0.0265,0.0694,0.1646,0.4911,0.2484,9.0
0.001,0.0122,0.1329,0.792,0.062,7.0
0.0506,0.216,0.3263,0.3035,0.1036,9.0
0.0011,0.0025,0.0168,0.2963,0.6833,4.0
0.0013,0.001,0.0047,0.0444,0.9486,10.0
0.015,0.0301,0.2513,0.4776,0.226,10.0
0.1684,0.6189,0.2039,0.0079,0.0009,6.0
0.0061,0.006,0.0092,0.0463,0.9323,10.0
0.6923,0.2794,0.0232,0.0031,0.0019,1.0
0.0025,0.0049,0.0437,0.43,0.5189,9.0
0.0173,0.0368,0.1147,0.354,0.477,10.0
0.0006,0.0007,0.0052,0.1611,0.8326,8.0
0.0534,0.3794,0.3812,0.1647,0.0214,10.0
0.0014,0.0021,0.0042,0.0722,0.9201,10.0
0.0105,0.0262,0.1517,0.472,0.3396,9.0
0.0158,0.0494,0.2098,0.5242,0.2008,8.0
0.0364,0.1282,0.2356,0.3772,0.2226,9.0
0.0023,0.0052,0.0166,0.1936,0.7822,8.0
0.0039,0.0717,0.5342,0.3697,0.0205,8.0
0.0231,0.0927,0.1516,0.4548,0.2777,9.0
0.2157,0.6119,0.1617,0.0094,0.0014,3.0
0.0012,0.0026,0.0088,0.1794,0.8079,10.0
0.004,0.0127,0.0867,0.4389,0.4577,9.0
0.0011,0.0022,0.0183,0.3712,0.6072,10.0
0.004,0.0074,0.0605,0.3837,0.5444,10.0
0.0081,0.0067,0.0087,0.0194,0.9571,0.0
0.0141,0.1298,0.3727,0.4297,0.0537,9.0
0.3265,0.5698,0.0969,0.0055,0.0013,3.0
0.0009,0.0014,0.0057,0.1231,0.8689,9.0
0.0327,0.4642,0.4506,0.0494,0.003,0.0
0.0006,0.0009,0.0076,0.1858,0.8051,10.0
0.0011,0.0023,0.0156,0.3212,0.6598,8.0
0.0239,0.0375,0.1335,0.3734,0.4316,10.0
0.0019,0.0025,0.0341,0.4581,0.5034,8.0
0.0044,0.0304,0.1974,0.6597,0.1082,10.0
0.0136,0.0665,0.2255,0.5279,0.1665,9.0
0.0043,0.0087,0.0211,0.281,0.6848,10.0
0.0061,0.0242,0.2168,0.3896,0.3633,10.0
0.002,0.01,0.2083,0.6401,0.1395,9.0
0.0027,0.01,0.0446,0.3877,0.555,10.0
0.0127,0.0207,0.0735,0.2818,0.6113,9.0
0.0525,0.2206,0.3708,0.2692,0.0869,5.0
0.1229,0.5664,0.2588,0.0443,0.0076,1.0
0.001,0.0007,0.0019,0.0267,0.9697,10.0
0.0012,0.0018,0.0179,0.2505,0.7286,9.0
0.0021,0.0017,0.009,0.1067,0.8804,10.0
0.1923,0.1794,0.1375,0.2169,0.274,10.0
0.0355,0.085,0.1219,0.545,0.2126,8.0
0.0141,0.0923,0.3149,0.3823,0.1965,7.0
0.0045,0.0198,0.0852,0.5877,0.3027,9.0
0.0294,0.0534,0.1121,0.3904,0.4147,10.0
0.0684,0.0833,0.0894,0.3008,0.4581,9.0
0.0032,0.0114,0.0899,0.5421,0.3534,10.0
0.0017,0.0055,0.0374,0.2786,0.6768,10.0
0.0094,0.0678,0.2364,0.5901,0.0963,8.0
0.0052,0.0429,0.2392,0.5852,0.1274,7.0
0.0017,0.0029,0.0459,0.464,0.4855,10.0
0.0011,0.0019,0.007,0.1761,0.8139,9.0
0.0025,0.0047,0.0192,0.213,0.7606,7.0
0.0129,0.0469,0.2291,0.5281,0.183,9.0
0.002,0.023,0.3016,0.619,0.0545,10.0
0.0097,0.0508,0.1395,0.4506,0.3493,10.0
0.0076,0.0144,0.0357,0.2484,0.6938,9.0
0.0139,0.1963,0.6228,0.1599,0.0071,5.0
0.0079,0.033,0.2407,0.5412,0.1772,9.0
0.0051,0.0083,0.011,0.1432,0.8325,10.0
0.0045,0.0173,0.0838,0.5386,0.3558,10.0
0.005,0.0385,0.1852,0.6364,0.1349,10.0
0.003,0.0079,0.0506,0.44,0.4985,9.0
0.0112,0.0397,0.1734,0.5579,0.2179,9.0
0.0078,0.0928,0.6382,0.2278,0.0335,9.0
0.0016,0.002,0.0256,0.3274,0.6434,9.0
0.0871,0.3121,0.4417,0.1255,0.0336,4.0
0.0043,0.0429,0.3201,0.5885,0.0443,9.0
0.0858,0.1119,0.1582,0.3006,0.3435,8.0
0.0249,0.0551,0.1068,0.4583,0.3548,9.0
0.002,0.0202,0.2493,0.5941,0.1343,9.0
0.0533,0.1088,0.3849,0.3248,0.1282,10.0
0.109,0.1715,0.2618,0.2546,0.2031,10.0
0.0086,0.0389,0.1766,0.548,0.2279,8.0
0.1059,0.1008,0.2063,0.2967,0.2902,9.0
0.0023,0.0051,0.0179,0.2531,0.7216,9.0
0.0041,0.0285,0.3098,0.57,0.0876,9.0
0.0268,0.0501,0.1162,0.4416,0.3652,10.0
0.045,0.352,0.4882,0.1067,0.0081,7.0
0.0239,0.0374,0.1156,0.3388,0.4843,10.0
0.0337,0.1263,0.3024,0.4413,0.0963,8.0
0.0107,0.0261,0.094,0.3774,0.4918,9.0
0.099,0.105,0.1469,0.2843,0.3649,9.0
0.0132,0.0692,0.2779,0.5277,0.1121,9.0
0.1137,0.2573,0.2017,0.23,0.1974,8.0
0.0132,0.0286,0.067,0.3689,0.5224,8.0
0.1524,0.6247,0.1799,0.0327,0.0104,10.0
0.0648,0.267,0.5023,0.1524,0.0135,7.0
0.0007,0.0006,0.0031,0.0547,0.9409,10.0
0.0285,0.4203,0.5217,0.0282,0.0014,7.0
0.0031,0.0031,0.0216,0.1757,0.7966,10.0
0.0082,0.0348,0.0855,0.5284,0.3431,9.0
0.0023,0.0467,0.5501,0.3838,0.0171,7.0
0.0134,0.0351,0.1132,0.3752,0.4631,10.0
0.0018,0.0033,0.008,0.1206,0.8663,10.0
0.0018,0.0036,0.0399,0.3565,0.5981,8.0
0.0016,0.0026,0.0085,0.1206,0.8666,10.0
0.0019,0.0037,0.0577,0.6725,0.2641,9.0
0.001,0.0009,0.0042,0.1104,0.8835,8.0
0.0646,0.0787,0.0778,0.1839,0.595,10.0
0.0832,0.436,0.4329,0.0431,0.0048,5.0
0.0009,0.0008,0.0039,0.0716,0.9227,0.0
0.0323,0.1031,0.2017,0.4133,0.2497,9.0
0.0099,0.1077,0.4556,0.3894,0.0374,7.0
0.0027,0.0067,0.1113,0.6057,0.2736,10.0
0.0204,0.1249,0.4411,0.3854,0.0282,8.0
0.0015,0.0021,0.0323,0.3433,0.6208,8.0
0.0138,0.1709,0.4579,0.3231,0.0342,8.0
0.0029,0.0325,0.5032,0.4442,0.0172,7.0
0.0291,0.0794,0.3194,0.4687,0.1035,10.0
0.0937,0.1133,0.109,0.2552,0.4288,9.0
0.0049,0.0166,0.0778,0.4784,0.4223,10.0
0.0195,0.1196,0.2292,0.4783,0.1535,10.0
0.0009,0.0011,0.0058,0.1082,0.8839,9.0
0.0069,0.0186,0.066,0.3918,0.5167,9.0
0.0007,0.001,0.0103,0.2131,0.7749,9.0
0.097,0.4171,0.4237,0.0565,0.0058,9.0
0.0095,0.0366,0.2732,0.6077,0.073,6.0
0.0271,0.083,0.2608,0.4617,0.1675,8.0
0.0074,0.0107,0.0307,0.1903,0.7609,10.0
0.0318,0.1056,0.2866,0.477,0.0989,8.0
0.0015,0.0067,0.0509,0.5785,0.3624,7.0
0.0438,0.0796,0.1316,0.297,0.448,10.0
0.0015,0.0071,0.0852,0.5925,0.3137,8.0
0.0011,0.0014,0.0124,0.2082,0.7769,10.0
0.0035,0.0073,0.0256,0.2049,0.7586,10.0
0.0066,0.0099,0.1088,0.5339,0.3408,0.0
0.0291,0.0186,0.0288,0.1114,0.8121,8.0
0.113,0.184,0.2859,0.273,0.1441,9.0
0.0104,0.0194,0.0786,0.4409,0.4507,8.0
0.0397,0.322,0.4042,0.2005,0.0336,8.0
0.0036,0.0514,0.3455,0.5624,0.0371,9.0
0.0114,0.0274,0.1105,0.3873,0.4635,10.0
0.1996,0.6402,0.1355,0.0205,0.0042,3.0
0.0038,0.0196,0.1541,0.7175,0.105,10.0
0.3919,0.4025,0.1658,0.029,0.0108,8.0
0.0437,0.0541,0.061,0.2483,0.5928,9.0
0.0272,0.078,0.2311,0.4254,0.2382,8.0
0.0027,0.0047,0.0155,0.1733,0.8037,10.0
0.0094,0.1275,0.5591,0.2905,0.0135,7.0
0.024,0.08,0.1518,0.4345,0.3096,9.0
0.008,0.012,0.0246,0.1455,0.8099,10.0
0.0098,0.0612,0.282,0.5226,0.1243,10.0
0.0507,0.0985,0.0979,0.2737,0.4791,10.0
0.0025,0.0259,0.1978,0.5849,0.1889,10.0
0.0402,0.0841,0.1182,0.3543,0.4032,10.0
0.0048,0.0409,0.312,0.534,0.1083,10.0
0.0173,0.0661,0.1992,0.5202,0.1972,8.0
0.0009,0.002,0.0307,0.4648,0.5017,8.0
0.011,0.0289,0.0788,0.3485,0.5328,10.0
0.0021,0.0037,0.0136,0.1907,0.7899,10.0
0.0053,0.032,0.109,0.5489,0.3048,10.0
0.0124,0.0117,0.0353,0.1446,0.796,10.0
0.0762,0.2899,0.3724,0.2132,0.0484,10.0
0.0027,0.0151,0.141,0.7319,0.1092,9.0
0.0008,0.0011,0.0032,0.0601,0.9347,10.0
0.0083,0.0435,0.2166,0.5842,0.1473,10.0
0.0078,0.0076,0.0105,0.0431,0.931,10.0
0.002,0.0161,0.1514,0.7236,0.1068,8.0
0.1256,0.3692,0.2389,0.1875,0.0788,8.0
0.0035,0.0137,0.1606,0.7522,0.0699,7.0
0.0065,0.0402,0.1748,0.603,0.1755,8.0
0.0009,0.002,0.0084,0.1864,0.8022,9.0
0.0035,0.016,0.1063,0.5506,0.3236,10.0
0.0186,0.0952,0.2679,0.4786,0.1396,10.0
0.0182,0.0564,0.1226,0.4683,0.3346,0.0
0.0008,0.0061,0.1126,0.8181,0.0624,7.0
0.0094,0.0615,0.2944,0.5494,0.0852,10.0
0.0106,0.0459,0.1151,0.5093,0.319,10.0
0.0053,0.0204,0.0807,0.5071,0.3865,10.0
0.0012,0.0059,0.0705,0.6499,0.2725,10.0
0.0584,0.1148,0.1308,0.3322,0.3638,10.0
0.0429,0.3682,0.5273,0.0587,0.0029,6.0
0.0025,0.0059,0.0281,0.4186,0.5449,10.0
0.3666,0.4206,0.1712,0.0312,0.0103,1.0
0.0093,0.0253,0.0871,0.476,0.4023,9.0
0.0055,0.0176,0.063,0.4466,0.4673,9.0
0.0095,0.8536,0.1301,0.0058,0.001,2.0
0.7682,0.2092,0.0204,0.0015,0.0006,1.0
0.0017,0.0041,0.0165,0.2966,0.6811,10.0
0.0016,0.0057,0.0338,0.4926,0.4663,9.0
0.0045,0.015,0.0809,0.5654,0.3343,10.0
0.0478,0.2081,0.3836,0.2914,0.0691,10.0
0.0012,0.002,0.0074,0.1228,0.8666,10.0
0.025,0.1446,0.3024,0.4216,0.1065,10.0
0.0324,0.2026,0.2985,0.3622,0.1042,10.0
0.0044,0.0382,0.3053,0.5776,0.0745,8.0
0.0197,0.2305,0.345,0.3584,0.0464,10.0
0.0016,0.0161,0.3857,0.5836,0.013,8.0
0.0128,0.0685,0.1782,0.4032,0.3373,9.0
0.0037,0.0081,0.028,0.284,0.6763,9.0
0.0482,0.162,0.2603,0.4018,0.1277,10.0
0.0099,0.0764,0.3402,0.5104,0.0631,0.0
0.001,0.0048,0.0578,0.6374,0.299,10.0
0.0587,0.2516,0.3054,0.3195,0.0648,7.0
0.0027,0.0042,0.0154,0.2652,0.7125,10.0
0.0076,0.0404,0.1498,0.59,0.2121,8.0
0.0033,0.0115,0.0518,0.4951,0.4383,8.0
0.0018,0.0099,0.1081,0.6537,0.2265,8.0
0.0404,0.1374,0.2786,0.3801,0.1635,8.0
0.0117,0.0616,0.1795,0.5669,0.1803,9.0
0.0025,0.0066,0.0238,0.2544,0.7128,9.0
0.0457,0.1578,0.1916,0.3144,0.2905,9.0
0.0022,0.0041,0.0086,0.1218,0.8634,10.0
0.0014,0.0093,0.0655,0.5103,0.4135,9.0
0.005,0.0523,0.2879,0.5876,0.0671,10.0
0.0313,0.3072,0.5196,0.1326,0.0093,6.0
0.0025,0.0054,0.0119,0.1649,0.8153,10.0
0.0077,0.0092,0.0163,0.1867,0.7801,10.0
0.0164,0.1361,0.3015,0.4716,0.0745,10.0
0.004,0.0052,0.0268,0.211,0.7528,10.0
0.001,0.0018,0.0083,0.1427,0.8462,10.0
0.0066,0.058,0.188,0.6151,0.1323,0.0
0.0081,0.0564,0.3966,0.4883,0.0505,7.0
0.0075,0.1207,0.4821,0.367,0.0227,9.0
0.0184,0.0197,0.0258,0.0842,0.8519,10.0
0.0466,0.0809,0.2261,0.4041,0.2423,7.0
0.0091,0.0204,0.0758,0.4576,0.4371,10.0
0.0011,0.0058,0.0609,0.5734,0.3587,8.0
0.0018,0.002,0.0042,0.0343,0.9577,10.0
0.0032,0.0047,0.0172,0.1577,0.8173,10.0
0.0022,0.0277,0.1498,0.7595,0.0609,10.0
0.0014,0.0044,0.0201,0.3354,0.6387,10.0
0.0075,0.0218,0.0366,0.2803,0.6538,10.0
0.0032,0.0073,0.0183,0.2184,0.7528,10.0
0.0193,0.0825,0.2952,0.4927,0.1103,10.0
0.0099,0.0166,0.0242,0.2028,0.7465,10.0
0.0088,0.0171,0.0444,0.2983,0.6313,9.0
0.0168,0.0677,0.1221,0.4216,0.3717,10.0
0.0098,0.1886,0.6454,0.1518,0.0043,7.0
0.0011,0.0065,0.0958,0.7298,0.1667,9.0
0.2037,0.4177,0.2338,0.1091,0.0358,9.0
0.0612,0.4028,0.415,0.1103,0.0107,10.0
0.0235,0.1222,0.2461,0.4361,0.1721,10.0
0.0055,0.0227,0.2254,0.5723,0.1741,8.0
0.0024,0.003,0.0032,0.0548,0.9366,0.0
0.0174,0.0843,0.3155,0.4775,0.1054,7.0
0.006,0.0381,0.1459,0.63,0.1799,8.0
0.0163,0.056,0.1402,0.3897,0.3978,10.0
0.0347,0.3094,0.4661,0.1695,0.0202,3.0
0.1467,0.3409,0.2432,0.1913,0.0779,10.0
0.1474,0.6622,0.1809,0.0085,0.001,0.0
0.0027,0.0303,0.2106,0.6545,0.1018,7.0
0.0063,0.0141,0.0271,0.1754,0.7771,10.0
0.0018,0.0125,0.1578,0.6651,0.1628,10.0
0.0096,0.0756,0.3655,0.4581,0.0913,6.0
0.2491,0.2484,0.1281,0.1573,0.2172,10.0
0.0022,0.0155,0.1031,0.7297,0.1494,9.0
0.028,0.242,0.4659,0.2461,0.0179,8.0
0.0163,0.213,0.5238,0.2352,0.0116,10.0
0.0011,0.004,0.0229,0.4437,0.5283,10.0
0.0541,0.3731,0.4002,0.1427,0.0299,10.0
0.0321,0.1444,0.356,0.3889,0.0787,10.0
0.0052,0.0123,0.0507,0.409,0.5228,10.0
0.0183,0.0577,0.189,0.4278,0.3071,10.0
0.0036,0.0115,0.0365,0.3598,0.5887,7.0
0.009,0.0273,0.1514,0.5674,0.2449,9.0
0.1019,0.4876,0.362,0.0462,0.0023,5.0
0.0052,0.0612,0.2898,0.5903,0.0535,8.0
0.0138,0.0748,0.1724,0.5508,0.1882,10.0
0.4868,0.2544,0.2031,0.0479,0.0077,10.0
0.0079,0.0149,0.0277,0.2122,0.7373,10.0
0.032,0.1237,0.2573,0.4253,0.1617,0.0
0.0292,0.2194,0.4259,0.2779,0.0475,10.0
0.0967,0.2653,0.2495,0.2269,0.1616,10.0
0.0215,0.0608,0.1217,0.399,0.3969,10.0
0.0586,0.1411,0.1753,0.3691,0.2559,10.0
0.0187,0.062,0.1971,0.4946,0.2275,9.0
0.006,0.0102,0.0306,0.3055,0.6476,10.0
0.0055,0.0209,0.0653,0.5049,0.4035,10.0
0.0035,0.0086,0.0241,0.2413,0.7225,10.0
0.0029,0.0078,0.0208,0.2984,0.67,10.0
0.0367,0.1087,0.2168,0.4537,0.184,10.0
0.0584,0.2042,0.3012,0.3334,0.1027,10.0
0.0048,0.0596,0.4068,0.5124,0.0164,6.0
0.0024,0.0188,0.2015,0.6848,0.0925,10.0
0.0413,0.4888,0.4317,0.0355,0.0027,0.0
0.0014,0.0144,0.2366,0.7063,0.0413,10.0
0.0013,0.0096,0.1229,0.7467,0.1196,10.0
0.0027,0.0116,0.0688,0.4541,0.4628,0.0
0.0009,0.013,0.3503,0.6183,0.0176,6.0
0.0024,0.0048,0.0137,0.1763,0.8028,9.0
0.0093,0.0675,0.3158,0.5316,0.0758,10.0
0.0132,0.2144,0.6141,0.1518,0.0064,10.0
0.0236,0.0926,0.1791,0.4932,0.2116,8.0
0.0189,0.084,0.2047,0.5107,0.1817,10.0
0.0049,0.0369,0.269,0.5509,0.1384,8.0
0.0042,0.1383,0.6714,0.1818,0.0043,7.0
0.047,0.1532,0.1781,0.3759,0.2458,6.0
0.0075,0.0324,0.1153,0.6212,0.2235,10.0
0.0283,0.0597,0.0916,0.3843,0.4361,10.0
0.0291,0.172,0.298,0.3704,0.1305,10.0
0.0108,0.07,0.2009,0.5734,0.1448,10.0
0.0164,0.0399,0.0815,0.4043,0.4579,10.0
0.0072,0.0652,0.3253,0.559,0.0434,10.0
0.0043,0.0363,0.2412,0.5945,0.1237,6.0
0.0182,0.0365,0.0719,0.2905,0.583,10.0
0.1188,0.2604,0.2395,0.2369,0.1445,10.0
0.0092,0.0496,0.1793,0.5229,0.239,10.0
0.0254,0.0676,0.1108,0.374,0.4222,10.0
0.9801,0.0143,0.001,0.0004,0.0042,1.0
0.0008,0.0006,0.0009,0.0105,0.9871,10.0
0.0139,0.0767,0.1959,0.5712,0.1424,0.0
0.0041,0.0106,0.0288,0.3171,0.6394,10.0
0.0104,0.0296,0.0967,0.4299,0.4334,10.0
0.5031,0.216,0.0941,0.1175,0.0693,10.0
0.0372,0.3244,0.5563,0.0735,0.0085,7.0
0.0071,0.0189,0.0428,0.3317,0.5994,10.0
0.0051,0.0406,0.2809,0.5959,0.0776,10.0
0.0009,0.0025,0.0156,0.3432,0.6378,10.0
0.0023,0.0187,0.225,0.6181,0.1359,8.0
0.0024,0.0106,0.0501,0.5425,0.3944,9.0
0.0117,0.0529,0.1569,0.5753,0.2032,9.0
0.0956,0.5103,0.342,0.0458,0.0063,4.0
0.011,0.0463,0.1975,0.463,0.2822,9.0
0.006,0.1028,0.5922,0.2797,0.0193,10.0
0.0012,0.0055,0.0484,0.6294,0.3155,9.0
0.0036,0.0171,0.0905,0.5645,0.3242,10.0
0.0196,0.1598,0.4075,0.3779,0.0353,0.0
0.0268,0.0875,0.1479,0.4568,0.2811,9.0
0.0265,0.0424,0.0679,0.2341,0.6291,10.0
0.0013,0.0021,0.0043,0.0772,0.9152,10.0
0.0195,0.0148,0.017,0.101,0.8477,10.0
0.0083,0.0197,0.0376,0.225,0.7095,9.0
0.0082,0.1877,0.6117,0.1849,0.0074,8.0
0.0407,0.0994,0.1378,0.2651,0.457,9.0
0.0211,0.2683,0.5156,0.1819,0.0131,8.0
0.0092,0.0352,0.1546,0.4813,0.3197,9.0
0.0162,0.0277,0.0582,0.2136,0.6843,10.0
0.0143,0.059,0.2078,0.4534,0.2655,10.0
0.0011,0.0029,0.013,0.1982,0.7848,10.0
0.0303,0.1087,0.2069,0.4675,0.1866,10.0
0.0246,0.0874,0.0955,0.6477,0.1448,8.0
0.0188,0.0798,0.3476,0.4702,0.0835,8.0
0.0045,0.0134,0.0443,0.1986,0.7392,10.0
0.0278,0.1936,0.5541,0.2132,0.0112,4.0
0.0387,0.0514,0.0606,0.2224,0.6269,10.0
0.0017,0.0024,0.0074,0.1127,0.8758,9.0
0.341,0.5532,0.0898,0.0121,0.0038,9.0
0.0041,0.0075,0.02,0.2792,0.6893,0.0
0.0075,0.0374,0.1623,0.6099,0.183,10.0
0.003,0.0646,0.5348,0.389,0.0086,8.0
0.0011,0.0017,0.0059,0.0902,0.9011,7.0
0.3401,0.5416,0.1145,0.0027,0.0011,1.0
0.0027,0.0054,0.0312,0.3332,0.6274,10.0
0.0013,0.0038,0.024,0.3372,0.6338,10.0
0.0117,0.1509,0.4882,0.3186,0.0306,9.0
0.0023,0.0029,0.0056,0.0826,0.9066,10.0
0.0346,0.0898,0.294,0.4337,0.148,0.0
0.0016,0.0041,0.0253,0.3267,0.6423,10.0
0.0079,0.0516,0.1636,0.6077,0.1691,9.0
0.0535,0.2079,0.41,0.258,0.0706,9.0
0.0091,0.0595,0.3121,0.4669,0.1525,10.0
0.0087,0.0222,0.0437,0.4334,0.492,10.0
0.0705,0.2305,0.2576,0.2363,0.205,9.0
0.0027,0.0094,0.055,0.4312,0.5017,10.0
0.0035,0.01,0.037,0.4097,0.5398,10.0
0.0064,0.0264,0.1035,0.5385,0.3252,10.0
0.1221,0.1526,0.2164,0.2753,0.2336,10.0
0.0784,0.1547,0.1548,0.366,0.2461,10.0
0.006,0.0429,0.2547,0.5809,0.1155,10.0
0.0024,0.0051,0.0116,0.1525,0.8283,10.0
0.0064,0.0051,0.0087,0.0418,0.938,10.0
0.004,0.0101,0.035,0.3358,0.6151,10.0
0.0136,0.1215,0.4095,0.4133,0.042,10.0
0.014,0.067,0.2355,0.4862,0.1973,10.0
0.0029,0.0158,0.1379,0.6406,0.2028,0.0
0.0122,0.0516,0.1285,0.4387,0.3691,9.0
0.0282,0.0806,0.1385,0.3712,0.3815,10.0
0.1745,0.2866,0.1935,0.1749,0.1705,9.0
0.0544,0.18,0.299,0.3087,0.158,9.0
0.0277,0.0296,0.0337,0.1263,0.7827,10.0
0.0034,0.0047,0.0139,0.1222,0.8558,10.0
0.0581,0.1343,0.2066,0.3286,0.2725,10.0
0.0706,0.257,0.3571,0.2717,0.0436,10.0
0.0059,0.035,0.1714,0.5993,0.1883,10.0
0.0031,0.0434,0.543,0.4026,0.0079,8.0
0.0013,0.009,0.081,0.8155,0.0932,8.0
0.0217,0.0983,0.2681,0.5212,0.0907,7.0
0.0072,0.0255,0.0997,0.4761,0.3916,10.0
0.0148,0.0829,0.2247,0.4959,0.1818,8.0
0.0171,0.0903,0.2315,0.49,0.1712,10.0
0.0136,0.0591,0.17,0.4954,0.262,10.0
0.0031,0.0077,0.0517,0.8342,0.1034,10.0
0.4898,0.4271,0.0643,0.0135,0.0053,5.0
0.0038,0.0095,0.0373,0.349,0.6005,10.0
0.3419,0.3034,0.1475,0.1335,0.0736,10.0
0.0018,0.0079,0.0474,0.5587,0.3844,10.0
0.3999,0.5031,0.0683,0.017,0.0117,3.0
0.024,0.0752,0.3136,0.5047,0.0824,5.0
0.0029,0.0038,0.0116,0.1424,0.8394,10.0
0.0153,0.0647,0.1545,0.4564,0.3092,10.0
0.3619,0.5711,0.0614,0.0045,0.0011,3.0
0.1886,0.6414,0.1631,0.006,0.0008,0.0
0.0127,0.0589,0.2178,0.419,0.2916,8.0
0.0072,0.0373,0.1267,0.539,0.2898,10.0
0.002,0.004,0.013,0.1854,0.7956,9.0
0.0013,0.004,0.033,0.497,0.4646,10.0
0.0087,0.0511,0.1796,0.5187,0.242,10.0
0.0084,0.0138,0.021,0.134,0.8227,10.0
0.0023,0.0057,0.0308,0.3109,0.6502,10.0
0.0453,0.0603,0.0581,0.214,0.6222,10.0
0.0034,0.0174,0.1189,0.645,0.2153,10.0
0.0237,0.1063,0.2945,0.494,0.0816,8.0
0.018,0.0994,0.2812,0.4386,0.1628,10.0
0.0034,0.0121,0.0437,0.3668,0.5741,10.0
0.001,0.0037,0.0451,0.613,0.3372,9.0
0.1317,0.5865,0.2588,0.0209,0.002,10.0
0.0014,0.0026,0.0094,0.1675,0.8191,10.0
0.0051,0.0395,0.2502,0.6023,0.1029,10.0
0.0022,0.0035,0.0072,0.1313,0.8558,10.0
0.0122,0.0373,0.1215,0.501,0.328,0.0
0.0038,0.0129,0.0592,0.4519,0.4721,10.0
0.0192,0.0548,0.0997,0.3513,0.475,10.0
0.0107,0.01,0.0108,0.0799,0.8887,10.0
0.0053,0.0225,0.1151,0.6048,0.2523,10.0
0.029,0.576,0.3797,0.0148,0.0005,7.0
0.0823,0.2527,0.3603,0.2531,0.0516,10.0
0.0538,0.423,0.4703,0.0498,0.0031,3.0
0.0057,0.0372,0.2676,0.5555,0.1341,9.0
0.1015,0.7076,0.1829,0.0073,0.0007,7.0
0.0068,0.1278,0.7087,0.1514,0.0055,7.0
0.0014,0.0024,0.0079,0.0973,0.8909,10.0
0.0653,0.4197,0.4334,0.0759,0.0057,7.0
0.0083,0.0826,0.3822,0.4683,0.0587,10.0
0.0327,0.0573,0.076,0.1755,0.6586,9.0
0.019,0.0531,0.0914,0.3513,0.4852,10.0
0.0029,0.0131,0.1027,0.5182,0.363,10.0
0.0654,0.2987,0.3926,0.1822,0.0612,2.0
0.0046,0.0111,0.0492,0.3522,0.5829,10.0
0.0264,0.0451,0.0575,0.2137,0.6573,10.0
0.018,0.0274,0.0322,0.1594,0.763,10.0
0.0857,0.3404,0.3589,0.1896,0.0255,6.0
0.0023,0.0113,0.0806,0.6252,0.2807,9.0
0.0019,0.0132,0.0928,0.5483,0.3439,10.0
0.0017,0.007,0.0653,0.6011,0.3248,9.0
0.0282,0.2252,0.5143,0.2143,0.018,10.0
0.0049,0.0075,0.012,0.1189,0.8568,10.0
0.0114,0.0136,0.0189,0.1463,0.8099,10.0
0.0013,0.0027,0.0087,0.1051,0.8821,10.0
0.3939,0.4267,0.1315,0.0339,0.014,10.0
0.0072,0.0224,0.0644,0.3771,0.5289,10.0
0.0211,0.1255,0.5036,0.3319,0.0179,7.0
0.0045,0.01,0.0339,0.2725,0.679,10.0
0.0015,0.0177,0.257,0.6561,0.0677,9.0
0.0082,0.0093,0.0144,0.1179,0.8502,10.0
0.0036,0.0119,0.0548,0.4469,0.4828,10.0
0.0695,0.2125,0.2346,0.339,0.1444,10.0
0.0014,0.007,0.0761,0.7117,0.2039,9.0
0.2619,0.358,0.1569,0.1295,0.0937,1.0
0.0103,0.0317,0.1107,0.5149,0.3323,10.0
0.004,0.0146,0.0764,0.4443,0.4607,10.0
0.0014,0.0203,0.2939,0.6459,0.0386,9.0
0.0013,0.0025,0.0107,0.1855,0.8,9.0
0.0579,0.1409,0.1479,0.356,0.2973,10.0
0.0048,0.01,0.029,0.169,0.7872,10.0
0.0287,0.1445,0.4087,0.3625,0.0556,9.0
0.002,0.007,0.0287,0.3255,0.6368,9.0
0.0044,0.0238,0.0823,0.4958,0.3937,10.0
0.0032,0.0096,0.0293,0.3333,0.6246,10.0
0.0061,0.0146,0.0275,0.2139,0.7378,10.0
0.0126,0.0365,0.0733,0.3897,0.4878,10.0
0.0604,0.1657,0.2111,0.3403,0.2224,10.0
0.0075,0.0141,0.0302,0.2353,0.7129,9.0
0.0009,0.0042,0.0394,0.6547,0.3007,10.0
0.0066,0.058,0.188,0.6151,0.1323,10.0
0.002,0.0039,0.0264,0.4103,0.5575,10.0
0.0016,0.0036,0.0197,0.3086,0.6665,10.0
0.0056,0.0113,0.0242,0.2325,0.7264,10.0
0.0061,0.0139,0.0529,0.3034,0.6237,10.0
0.022,0.3392,0.6038,0.0339,0.0011,4.0
0.6078,0.3615,0.0286,0.0014,0.0007,1.0
0.0506,0.2037,0.2285,0.3782,0.1391,10.0
0.0021,0.0094,0.0809,0.6342,0.2735,8.0
0.1129,0.5079,0.2997,0.0721,0.0075,6.0
0.0048,0.0174,0.0518,0.3988,0.5272,10.0
0.4946,0.4603,0.0397,0.0039,0.0014,1.0
0.0103,0.0191,0.0288,0.1576,0.7842,0.0
0.0112,0.0258,0.049,0.3304,0.5836,10.0
0.0357,0.3341,0.5161,0.1069,0.0072,9.0
0.0023,0.0049,0.0171,0.2214,0.7543,10.0
0.0073,0.0062,0.0076,0.0396,0.9392,10.0
0.0354,0.1851,0.3642,0.3479,0.0674,10.0
0.0078,0.0054,0.0066,0.0436,0.9365,10.0
0.0081,0.0493,0.156,0.5771,0.2095,9.0
0.0024,0.0039,0.0238,0.5735,0.3964,10.0
0.0039,0.0051,0.0102,0.0766,0.9042,10.0
0.0019,0.0081,0.0572,0.6466,0.2863,0.0
0.0196,0.0629,0.1463,0.4407,0.3305,10.0
0.0069,0.0169,0.0657,0.3293,0.5812,10.0
0.0744,0.4752,0.3651,0.0767,0.0086,10.0
0.0048,0.0436,0.24,0.6173,0.0944,0.0
0.0008,0.0019,0.0155,0.3474,0.6344,0.0
0.0113,0.0294,0.0753,0.3627,0.5213,0.0
0.0091,0.0224,0.1134,0.5783,0.2768,9.0
0.522,0.219,0.0681,0.0617,0.129,9.0
0.0166,0.0371,0.0773,0.416,0.4531,10.0
0.0078,0.0106,0.0141,0.1299,0.8376,10.0
0.064,0.8455,0.0773,0.0107,0.0025,2.0
0.0006,0.0012,0.0072,0.2668,0.7242,0.0
0.0278,0.1614,0.3171,0.3924,0.1012,9.0
0.027,0.3509,0.4775,0.1297,0.0148,6.0
0.0009,0.0017,0.0161,0.3029,0.6784,0.0
0.0013,0.0031,0.0352,0.5721,0.3883,10.0
0.1122,0.1648,0.149,0.2761,0.2979,10.0
0.0197,0.0623,0.1792,0.4539,0.285,10.0
0.0133,0.0469,0.1602,0.466,0.3136,10.0
0.0227,0.1094,0.2487,0.4558,0.1634,9.0
0.0081,0.0763,0.4966,0.3923,0.0266,7.0
0.0089,0.0247,0.0766,0.4065,0.4833,10.0
0.0076,0.0213,0.068,0.4414,0.4617,9.0
0.0027,0.0155,0.1206,0.6703,0.1909,10.0
0.4535,0.4887,0.0487,0.0069,0.0022,4.0
0.1022,0.5482,0.3109,0.0347,0.004,6.0
0.0823,0.7751,0.1261,0.0143,0.0021,2.0
0.9123,0.0639,0.0131,0.0044,0.0063,1.0
0.0313,0.1613,0.4884,0.2769,0.0422,6.0
0.0197,0.0269,0.0621,0.3238,0.5675,10.0
0.3999,0.5375,0.0572,0.0038,0.0016,0.0
0.0416,0.2991,0.3988,0.2277,0.0328,0.0
0.0164,0.1307,0.4071,0.402,0.0438,0.0
0.0007,0.0008,0.0025,0.0613,0.9347,10.0
0.0871,0.2586,0.243,0.216,0.1953,0.0
0.0467,0.4359,0.4591,0.0555,0.0028,7.0
0.0066,0.0559,0.2396,0.5953,0.1026,10.0
0.0019,0.0059,0.042,0.368,0.5822,10.0
0.091,0.2482,0.2867,0.2796,0.0945,0.0
0.0416,0.2706,0.4131,0.2478,0.0269,9.0
0.141,0.5631,0.2509,0.0401,0.0049,6.0
0.0253,0.1513,0.2761,0.4408,0.1065,10.0
0.0714,0.4367,0.4001,0.0837,0.008,0.0
0.01,0.0221,0.0631,0.3528,0.552,10.0
0.0954,0.4564,0.3432,0.0863,0.0187,0.0
0.0048,0.0229,0.1104,0.5614,0.3006,0.0
0.0045,0.0051,0.0046,0.0444,0.9414,10.0
0.0153,0.0239,0.0296,0.1671,0.7642,10.0
0.0024,0.0139,0.2069,0.6951,0.0818,10.0
0.0017,0.0039,0.0134,0.2425,0.7385,10.0
0.0071,0.01,0.0206,0.1319,0.8305,10.0
0.0109,0.1072,0.4585,0.3851,0.0383,8.0
0.004,0.0039,0.0052,0.0489,0.938,10.0
0.084,0.1608,0.1998,0.2588,0.2965,10.0
0.0075,0.0457,0.27,0.5462,0.1306,9.0
0.0096,0.0802,0.402,0.408,0.1002,8.0
0.0099,0.0117,0.0557,0.311,0.6116,10.0
0.0053,0.012,0.0323,0.3379,0.6124,10.0
0.3349,0.3709,0.1557,0.0869,0.0516,6.0
0.0098,0.0176,0.0524,0.3054,0.6149,10.0
0.0009,0.0008,0.0013,0.021,0.976,10.0
0.0794,0.1686,0.1862,0.4737,0.0921,8.0
0.0741,0.2261,0.4063,0.2213,0.0723,10.0
0.021,0.0307,0.0394,0.1419,0.767,10.0
0.0091,0.0256,0.0913,0.4362,0.4378,10.0
0.0222,0.0114,0.0181,0.0763,0.8721,10.0
0.3136,0.377,0.2271,0.0682,0.0142,10.0
0.0186,0.0244,0.0499,0.2292,0.6779,0.0
0.0134,0.0273,0.1091,0.3988,0.4514,10.0
0.0047,0.007,0.0135,0.07,0.9047,10.0
0.0231,0.0656,0.1138,0.4144,0.383,10.0
0.0016,0.0026,0.0063,0.0992,0.8904,9.0
0.0034,0.004,0.0068,0.076,0.9098,0.0
0.0009,0.0015,0.0059,0.9824,0.0093,0.0
0.0166,0.132,0.5853,0.2456,0.0206,6.0
0.0122,0.0551,0.1236,0.5159,0.2932,10.0
0.072,0.1697,0.1905,0.3104,0.2573,0.0
0.0086,0.0409,0.2395,0.5277,0.1832,0.0
0.0017,0.0017,0.0042,0.0657,0.9267,10.0
0.0144,0.1538,0.4934,0.3108,0.0276,0.0
0.0102,0.0511,0.1738,0.4348,0.3302,10.0
0.0033,0.009,0.0618,0.4958,0.4301,0.0
0.0181,0.0588,0.1418,0.4618,0.3195,7.0
0.0039,0.0478,0.4309,0.4971,0.0203,8.0
0.0122,0.0075,0.0077,0.0572,0.9154,10.0
0.0014,0.0025,0.0057,0.0866,0.9039,10.0
0.002,0.0038,0.0256,0.1732,0.7955,9.0
0.2698,0.4639,0.1838,0.0587,0.0238,10.0
0.0048,0.0093,0.0303,0.2425,0.7131,10.0
0.0188,0.2533,0.6732,0.0533,0.0014,6.0
0.0198,0.0982,0.1894,0.4351,0.2575,10.0
0.0006,0.0008,0.0024,0.0566,0.9395,0.0
0.0923,0.2013,0.1245,0.245,0.3369,10.0
0.0185,0.0409,0.0772,0.3323,0.5311,10.0
0.0012,0.0016,0.0056,0.0843,0.9073,10.0
0.0312,0.048,0.0505,0.1731,0.6973,10.0
0.037,0.0635,0.0867,0.2652,0.5476,10.0
0.0025,0.0041,0.0161,0.6942,0.2831,0.0
0.0065,0.0547,0.3665,0.5199,0.0524,10.0
0.1624,0.368,0.2266,0.1711,0.0719,10.0
0.0034,0.011,0.0619,0.5434,0.3803,9.0
0.004,0.0028,0.0083,0.0754,0.9095,10.0
0.0043,0.0103,0.0366,0.3494,0.5993,0.0
0.0041,0.0649,0.6726,0.2518,0.0066,0.0
0.0052,0.0047,0.007,0.0638,0.9193,10.0
0.0439,0.0901,0.1323,0.3647,0.369,10.0
0.1114,0.1382,0.1011,0.2118,0.4375,10.0
0.0175,0.1133,0.4706,0.3407,0.0579,9.0
0.0009,0.0021,0.0362,0.5233,0.4375,10.0
0.0103,0.0163,0.0437,0.2971,0.6326,9.0
0.0042,0.0093,0.0541,0.3833,0.5491,10.0
0.0007,0.0046,0.1021,0.8812,0.0114,8.0
0.0419,0.2087,0.4158,0.2722,0.0613,2.0
0.0041,0.0037,0.0102,0.074,0.9079,10.0
0.2621,0.3191,0.2715,0.1125,0.0348,10.0
0.0109,0.0459,0.1934,0.6861,0.0636,6.0
0.0033,0.0059,0.018,0.2014,0.7714,10.0
0.0022,0.0127,0.1122,0.6936,0.1794,10.0
0.0045,0.0062,0.018,0.1646,0.8066,9.0
0.0875,0.1679,0.2147,0.2282,0.3016,0.0
0.0013,0.0045,0.0461,0.5739,0.3742,10.0
0.0864,0.0744,0.0718,0.1833,0.5841,10.0
0.0075,0.0256,0.0537,0.3591,0.5541,0.0
0.0093,0.1607,0.536,0.2795,0.0144,7.0
0.3059,0.2398,0.0582,0.1069,0.2892,10.0
0.0016,0.0065,0.0546,0.5703,0.367,9.0
0.0075,0.0219,0.0481,0.2718,0.6508,10.0
0.0006,0.0026,0.0267,0.5904,0.3796,0.0
0.0037,0.0087,0.0391,0.3155,0.633,0.0
0.2742,0.5983,0.1176,0.0086,0.0014,1.0
0.0018,0.0028,0.0085,0.1026,0.8844,10.0
0.0568,0.0684,0.1534,0.3116,0.4099,10.0
0.1125,0.219,0.1454,0.2576,0.2656,0.0
0.0186,0.0252,0.0226,0.1096,0.824,10.0
0.0016,0.0029,0.0195,0.2609,0.7151,10.0
0.005,0.008,0.0301,0.2013,0.7557,10.0
0.001,0.0011,0.0026,0.0453,0.9501,10.0
0.0034,0.0043,0.01,0.1068,0.8756,10.0
0.0009,0.0011,0.0059,0.0886,0.9034,10.0
0.0024,0.0078,0.0479,0.4171,0.5247,10.0
0.017,0.0543,0.12,0.496,0.3128,10.0
0.0041,0.0152,0.0906,0.4431,0.447,10.0
0.0019,0.0024,0.0042,0.0899,0.9015,10.0
0.008,0.0229,0.0627,0.4361,0.4702,10.0
0.0084,0.1595,0.6271,0.1791,0.0259,10.0
0.064,0.075,0.1336,0.1887,0.5386,10.0
0.0011,0.0037,0.03,0.4428,0.5224,10.0
0.0094,0.0128,0.0252,0.1416,0.811,10.0
0.0196,0.068,0.1082,0.4135,0.3908,0.0
0.0031,0.0026,0.0104,0.031,0.9529,10.0
0.0009,0.0037,0.0486,0.5397,0.4071,10.0
0.0024,0.0015,0.0017,0.0071,0.9873,10.0
0.051,0.0965,0.1242,0.3117,0.4166,10.0
0.0096,0.029,0.1096,0.4521,0.3998,10.0
0.0007,0.0062,0.1935,0.7554,0.0441,0.0
0.0062,0.007,0.0156,0.1286,0.8426,10.0
0.004,0.0083,0.0367,0.3425,0.6084,9.0
0.0229,0.1952,0.5063,0.2563,0.0193,7.0
0.0042,0.0137,0.068,0.4752,0.4389,0.0
0.0009,0.0031,0.0332,0.6909,0.2718,8.0
0.0052,0.0089,0.0118,0.1504,0.8238,10.0
0.0044,0.0449,0.4299,0.4609,0.0599,10.0
0.0112,0.0141,0.0433,0.2186,0.7128,0.0
0.0123,0.1421,0.4014,0.407,0.0371,10.0
0.0629,0.2503,0.3031,0.2504,0.1333,10.0
0.05,0.1373,0.2577,0.397,0.158,0.0
0.0145,0.0199,0.0341,0.3526,0.5789,0.0
0.0061,0.012,0.0504,0.4371,0.4944,10.0
0.0028,0.0072,0.0266,0.3198,0.6436,10.0
0.0031,0.0204,0.1576,0.6903,0.1286,9.0
0.0043,0.0086,0.0165,0.1144,0.8562,10.0
0.0011,0.0019,0.0074,0.1571,0.8325,10.0
0.005,0.006,0.0196,0.1511,0.8183,10.0
0.0008,0.0008,0.0019,0.0244,0.9721,10.0
0.0023,0.0062,0.0348,0.3699,0.5869,10.0
0.1978,0.35,0.29,0.1237,0.0384,10.0
0.0108,0.0209,0.0467,0.2497,0.6719,10.0
0.0812,0.1579,0.1448,0.3364,0.2797,10.0
0.0382,0.1618,0.3036,0.3673,0.1291,10.0
0.001,0.0012,0.0069,0.1484,0.8425,10.0
0.0019,0.0019,0.0059,0.0908,0.8995,0.0
0.004,0.0038,0.005,0.0523,0.9349,0.0
0.0432,0.0563,0.0523,0.1637,0.6845,10.0
0.0087,0.1068,0.5433,0.3315,0.0097,7.0
0.0399,0.104,0.2218,0.3634,0.2709,0.0
0.6817,0.2992,0.0162,0.0018,0.0011,2.0
0.0098,0.0058,0.0093,0.0468,0.9283,10.0
0.2448,0.3891,0.2629,0.0851,0.0182,0.0
0.0024,0.0143,0.1488,0.6415,0.193,9.0
0.0643,0.413,0.3692,0.1365,0.017,9.0
0.0037,0.0149,0.072,0.4313,0.4781,10.0
0.007,0.0813,0.3885,0.4604,0.0628,7.0
0.1164,0.1519,0.0931,0.1112,0.5274,10.0
0.0009,0.0035,0.0367,0.5642,0.3946,10.0
0.0006,0.0016,0.048,0.5314,0.4184,10.0
0.0035,0.0261,0.2317,0.6445,0.0941,10.0
0.0317,0.3743,0.4858,0.1022,0.006,0.0
0.3016,0.6042,0.0793,0.0115,0.0034,10.0
0.0033,0.0064,0.0233,0.1652,0.8017,10.0
0.0174,0.0224,0.0382,0.2527,0.6693,10.0
0.0015,0.0012,0.0033,0.0431,0.9509,10.0
0.0073,0.0143,0.0755,0.5099,0.3931,10.0
0.0035,0.0068,0.0179,0.1374,0.8344,10.0
0.0124,0.0401,0.1951,0.6931,0.0594,0.0
0.0088,0.0143,0.042,0.2641,0.6709,0.0
0.0369,0.3291,0.4134,0.1969,0.0236,9.0
0.0021,0.0079,0.0714,0.5254,0.3932,10.0
0.0396,0.1245,0.2903,0.3099,0.2356,10.0
0.0041,0.0026,0.0049,0.0215,0.9669,0.0
0.264,0.535,0.1464,0.0388,0.0158,0.0
0.0309,0.0698,0.1138,0.36,0.4255,10.0
0.0013,0.001,0.0024,0.0255,0.9699,0.0
0.0105,0.0702,0.3749,0.447,0.0975,10.0
0.0052,0.012,0.0362,0.2331,0.7134,10.0
0.0016,0.0032,0.0092,0.1844,0.8016,9.0
0.0005,0.0007,0.0043,0.1058,0.8887,9.0
0.0014,0.0019,0.0063,0.1071,0.8832,10.0
0.0093,0.0089,0.0225,0.1145,0.8447,10.0
0.0012,0.0018,0.0044,0.0693,0.9232,10.0
0.023,0.0292,0.0455,0.1965,0.7058,10.0
0.012,0.1092,0.3309,0.4368,0.1112,10.0
0.0049,0.0132,0.0439,0.3159,0.6221,0.0
0.0023,0.0051,0.0286,0.4008,0.5632,10.0
0.003,0.0117,0.1035,0.5362,0.3456,9.0
0.0027,0.0032,0.0107,0.0864,0.897,10.0
0.0028,0.0061,0.0191,0.2682,0.7039,0.0
0.0007,0.0008,0.0025,0.0569,0.9392,10.0
0.0017,0.0026,0.0062,0.1134,0.8761,9.0
0.0034,0.0154,0.1589,0.55,0.2723,10.0
0.0031,0.0022,0.0036,0.0271,0.9641,10.0
0.0059,0.0139,0.0403,0.3357,0.6043,10.0
0.0064,0.0372,0.1148,0.5456,0.296,0.0
0.0009,0.0009,0.0017,0.0258,0.9706,10.0
0.0065,0.0361,0.1778,0.6104,0.1692,0.0
0.0136,0.0561,0.1638,0.617,0.1495,0.0
0.0067,0.0162,0.0408,0.3392,0.5971,0.0
0.0126,0.0239,0.0493,0.2774,0.6368,10.0
0.0097,0.0199,0.0606,0.3588,0.551,0.0
0.0118,0.0632,0.1597,0.4891,0.2762,10.0
0.0162,0.0249,0.0677,0.289,0.6022,0.0
0.052,0.1586,0.2076,0.3781,0.2037,10.0
0.001,0.0037,0.0894,0.7013,0.2046,10.0
0.0027,0.0156,0.107,0.475,0.3996,10.0
0.0028,0.0069,0.0426,0.549,0.3987,9.0
0.0005,0.0005,0.0021,0.0539,0.943,10.0
0.0011,0.0022,0.0101,0.2302,0.7566,10.0
0.016,0.1109,0.3502,0.396,0.1269,10.0
0.0017,0.0011,0.002,0.0196,0.9757,10.0
0.0135,0.0247,0.0621,0.292,0.6077,10.0
