0,1,2,3,4,5
0.0049,0.014,0.0356,0.2421,0.7034,9.0
0.0605,0.0548,0.0482,0.0994,0.7371,10.0
0.0478,0.3718,0.4263,0.1413,0.0128,10.0
0.0014,0.0033,0.0198,0.3619,0.6136,10.0
0.0117,0.0346,0.138,0.4904,0.3254,9.0
0.0802,0.5846,0.2897,0.0423,0.0032,4.0
0.0504,0.1958,0.1471,0.34,0.2666,9.0
0.0009,0.0041,0.0417,0.5883,0.365,10.0
0.0011,0.0022,0.0157,0.3094,0.6715,9.0
0.3998,0.4155,0.1053,0.0468,0.0327,9.0
0.0732,0.2559,0.4457,0.1932,0.0321,5.0
0.0476,0.0611,0.0853,0.2685,0.5375,4.0
0.0027,0.0067,0.0293,0.4298,0.5315,9.0
0.0512,0.0706,0.1212,0.3446,0.4124,10.0
0.0052,0.0238,0.0937,0.8189,0.0584,9.0
0.1062,0.5124,0.3548,0.0253,0.0014,6.0
0.0016,0.0013,0.0024,0.0287,0.9661,10.0
0.0011,0.0014,0.0047,0.0968,0.896,10.0
0.0245,0.0504,0.1294,0.4383,0.3574,10.0
0.0026,0.0289,0.3566,0.5753,0.0366,9.0
0.0015,0.0027,0.0101,0.1386,0.8471,10.0
0.0056,0.0218,0.1032,0.6458,0.2236,7.0
0.1044,0.5268,0.2952,0.0654,0.0083,10.0
0.0378,0.3024,0.4646,0.1864,0.0088,5.0
0.0062,0.1281,0.7656,0.0973,0.0029,6.0
0.0022,0.0091,0.1084,0.6051,0.2752,9.0
0.0009,0.0007,0.0017,0.025,0.9718,9.0
0.0121,0.0694,0.2147,0.5346,0.1691,9.0
0.0073,0.0264,0.1264,0.6707,0.1692,9.0
0.0009,0.0007,0.005,0.0817,0.9118,10.0
0.0027,0.0088,0.0516,0.4482,0.4887,8.0
0.0008,0.0008,0.0061,0.1251,0.8672,10.0
0.0013,0.0007,0.0012,0.0111,0.9857,9.0
0.1382,0.658,0.1935,0.0093,0.001,5.0
0.0067,0.0265,0.1449,0.4688,0.3531,10.0
0.002,0.0029,0.0147,0.1817,0.7987,8.0
0.0242,0.1748,0.621,0.1688,0.0112,9.0
0.3435,0.3291,0.2008,0.0839,0.0427,9.0
0.0013,0.0029,0.0288,0.6167,0.3502,10.0
0.0059,0.0391,0.2275,0.561,0.1664,9.0
0.01,0.1,0.5731,0.2842,0.0327,8.0
0.001,0.0012,0.0046,0.0807,0.9125,10.0
0.002,0.0019,0.0058,0.0394,0.9509,10.0
0.0013,0.0014,0.0037,0.073,0.9207,10.0
0.3575,0.489,0.1176,0.0261,0.0098,0.0
0.0038,0.0176,0.1234,0.555,0.3001,10.0
0.6452,0.3148,0.0319,0.0055,0.0026,1.0
0.002,0.0138,0.2723,0.6649,0.0471,9.0
0.0021,0.0021,0.0053,0.079,0.9115,9.0
0.0009,0.0006,0.0022,0.0299,0.9664,10.0
0.0012,0.001,0.0035,0.0333,0.961,10.0
0.0016,0.0041,0.0394,0.5059,0.4491,10.0
0.0815,0.1963,0.1087,0.2385,0.375,10.0
0.0055,0.0062,0.0162,0.1699,0.8021,9.0
0.0023,0.0049,0.0404,0.3755,0.5768,10.0
0.0348,0.1272,0.3238,0.3311,0.1832,9.0
0.0311,0.2765,0.5171,0.1626,0.0127,6.0
0.0077,0.02,0.0622,0.3506,0.5595,10.0
0.2538,0.1377,0.0524,0.0787,0.4774,9.0
0.0158,0.009,0.006,0.0398,0.9294,10.0
0.0008,0.001,0.0074,0.1445,0.8464,0.0
0.0008,0.0008,0.0016,0.0232,0.9736,10.0
0.0008,0.0008,0.0015,0.0236,0.9733,10.0
0.0177,0.057,0.2393,0.4749,0.2112,3.0
0.0198,0.2906,0.5897,0.0953,0.0046,4.0
0.0073,0.0292,0.1443,0.5606,0.2586,4.0
0.0016,0.002,0.0108,0.1495,0.8361,9.0
0.4196,0.366,0.0958,0.0556,0.063,9.0
0.0006,0.0007,0.0023,0.0419,0.9545,9.0
0.0209,0.1598,0.4305,0.3072,0.0816,9.0
0.0897,0.5106,0.2573,0.1137,0.0287,10.0
0.0283,0.1856,0.3551,0.386,0.045,8.0
0.0033,0.0057,0.0223,0.2184,0.7503,8.0
0.0014,0.0017,0.0092,0.1428,0.8449,8.0
0.0024,0.009,0.0993,0.6857,0.2036,8.0
0.1145,0.4179,0.3123,0.1173,0.0381,10.0
0.004,0.0024,0.0019,0.0117,0.98,10.0
0.0008,0.0013,0.0111,0.2196,0.7673,9.0
0.0609,0.2157,0.2358,0.3618,0.1258,7.0
0.0019,0.0328,0.4328,0.5136,0.0189,8.0
0.754,0.213,0.0245,0.0046,0.0039,1.0
0.0006,0.0006,0.0036,0.0873,0.9079,9.0
0.0024,0.0019,0.0065,0.0632,0.926,10.0
0.0022,0.0038,0.0286,0.3345,0.6309,7.0
0.0143,0.1178,0.4238,0.3882,0.0558,8.0
0.0014,0.003,0.0189,0.2587,0.7181,10.0
0.0046,0.006,0.0084,0.0631,0.9179,10.0
0.0005,0.0006,0.0022,0.0501,0.9466,10.0
0.0006,0.0008,0.0061,0.1414,0.8511,10.0
0.1664,0.5493,0.2622,0.0196,0.0024,3.0
0.0014,0.0021,0.0137,0.265,0.7178,10.0
0.0067,0.0081,0.0469,0.2853,0.653,10.0
0.1351,0.5584,0.2846,0.0201,0.0018,4.0
0.0371,0.0215,0.0347,0.1291,0.7775,10.0
0.0173,0.025,0.0816,0.2632,0.6129,9.0
0.0012,0.0014,0.0116,0.1666,0.8191,10.0
0.001,0.0008,0.005,0.1412,0.852,10.0
0.0148,0.0214,0.0422,0.173,0.7486,10.0
0.0012,0.0008,0.0026,0.0155,0.9799,10.0
0.0755,0.1422,0.1576,0.3425,0.2824,8.0
0.0125,0.0572,0.36,0.5014,0.0689,10.0
0.0243,0.0198,0.0315,0.1098,0.8145,0.0
0.0011,0.0012,0.0065,0.1436,0.8476,10.0
0.0084,0.018,0.0666,0.3503,0.5568,10.0
0.027,0.0246,0.0218,0.1216,0.8049,10.0
0.001,0.0008,0.0059,0.0954,0.8969,10.0
0.0039,0.0076,0.0543,0.341,0.5933,10.0
0.0143,0.0207,0.0777,0.3377,0.5497,10.0
0.0009,0.0008,0.0036,0.0405,0.9541,10.0
0.0098,0.0157,0.0176,0.0702,0.8867,10.0
0.0009,0.0027,0.0155,0.3244,0.6564,10.0
0.0039,0.0025,0.0088,0.0564,0.9283,10.0
0.0111,0.0073,0.0092,0.0726,0.8998,10.0
0.0229,0.1471,0.3567,0.3586,0.1147,9.0
0.001,0.0012,0.0167,0.277,0.7042,10.0
0.0061,0.0967,0.8216,0.0739,0.0017,6.0
0.0007,0.0007,0.0025,0.0309,0.9651,10.0
0.0009,0.002,0.0143,0.2903,0.6924,10.0
0.5926,0.2769,0.1078,0.0149,0.0077,10.0
0.029,0.1562,0.3415,0.2936,0.1797,10.0
0.013,0.0596,0.3513,0.5023,0.0737,10.0
0.0627,0.0343,0.0216,0.0677,0.8137,10.0
0.0085,0.0237,0.0674,0.2864,0.6141,10.0
0.0015,0.0015,0.005,0.0512,0.9408,10.0
0.0769,0.0882,0.1756,0.2938,0.3655,10.0
0.0013,0.0011,0.0023,0.032,0.9632,10.0
0.0017,0.0033,0.012,0.138,0.8451,10.0
0.0011,0.0011,0.0076,0.152,0.8383,9.0
0.0018,0.0022,0.0178,0.2528,0.7253,10.0
0.0007,0.0007,0.0016,0.034,0.963,9.0
0.0017,0.0026,0.0126,0.1982,0.785,9.0
0.0027,0.0023,0.0049,0.0251,0.965,10.0
0.0024,0.0032,0.0222,0.1977,0.7746,8.0
0.0328,0.0765,0.1459,0.3449,0.3999,9.0
0.0316,0.1236,0.2788,0.4246,0.1413,9.0
0.0053,0.0094,0.0911,0.3999,0.4944,10.0
0.0012,0.0016,0.0092,0.1188,0.8692,10.0
0.0009,0.001,0.0083,0.1807,0.8091,10.0
0.0312,0.0408,0.0792,0.3028,0.546,10.0
0.0189,0.0256,0.0474,0.2045,0.7037,10.0
0.003,0.0067,0.0456,0.4299,0.5147,9.0
0.0013,0.0013,0.0097,0.1901,0.7975,10.0
0.0067,0.0055,0.0093,0.0985,0.88,9.0
0.068,0.0744,0.1576,0.2771,0.4229,10.0
0.0096,0.0068,0.011,0.054,0.9185,10.0
0.0007,0.0006,0.0025,0.0421,0.9541,9.0
0.0599,0.4455,0.4551,0.0378,0.0017,6.0
0.0809,0.0922,0.14,0.2839,0.403,10.0
0.0261,0.0179,0.0317,0.0647,0.8596,10.0
0.0039,0.004,0.0075,0.0603,0.9243,10.0
0.0389,0.0643,0.1008,0.3294,0.4666,10.0
0.0576,0.0307,0.0279,0.0401,0.8438,8.0
0.0273,0.0376,0.0868,0.3143,0.534,10.0
0.002,0.0017,0.006,0.043,0.9473,10.0
0.1315,0.1949,0.2616,0.2266,0.1854,9.0
0.006,0.0079,0.059,0.3254,0.6016,10.0
0.0033,0.0031,0.017,0.1688,0.8078,9.0
0.0567,0.0405,0.0908,0.2939,0.5181,9.0
0.0395,0.1302,0.1955,0.4068,0.228,10.0
0.0532,0.0934,0.1412,0.3499,0.3623,10.0
0.0597,0.022,0.0172,0.0668,0.8343,9.0
0.0109,0.0409,0.1067,0.7794,0.0621,8.0
0.0035,0.0072,0.031,0.2841,0.6741,0.0
0.0775,0.3907,0.3712,0.1322,0.0285,10.0
0.0048,0.0052,0.0439,0.3249,0.6212,1.0
0.0018,0.0016,0.0066,0.0895,0.9004,10.0
0.0919,0.1624,0.2641,0.2798,0.2018,9.0
0.0015,0.0013,0.0047,0.0793,0.9131,10.0
0.1694,0.0413,0.0196,0.0296,0.7401,10.0
0.0085,0.0113,0.0244,0.1918,0.7641,8.0
0.0112,0.0085,0.0304,0.1639,0.786,10.0
0.0057,0.0038,0.0139,0.0946,0.882,10.0
0.0515,0.2564,0.4359,0.2216,0.0345,8.0
0.0082,0.0074,0.0176,0.1551,0.8116,9.0
0.104,0.0714,0.0661,0.1435,0.6151,10.0
0.1557,0.2661,0.1515,0.2528,0.1739,5.0
0.0011,0.0011,0.0074,0.1117,0.8788,10.0
0.0288,0.0413,0.0732,0.2826,0.5742,10.0
0.0079,0.0149,0.0356,0.2421,0.6994,10.0
0.0044,0.0045,0.0301,0.2473,0.7138,10.0
0.0053,0.0043,0.0199,0.141,0.8294,10.0
0.021,0.0552,0.1346,0.6192,0.1701,8.0
0.001,0.0012,0.0059,0.0864,0.9055,10.0
0.0115,0.2228,0.5153,0.232,0.0185,7.0
0.0011,0.0008,0.0026,0.0246,0.9708,10.0
0.1038,0.5109,0.2911,0.0757,0.0185,9.0
0.0011,0.0007,0.0019,0.0296,0.9667,9.0
0.3636,0.1837,0.1594,0.1439,0.1494,9.0
0.1227,0.1073,0.1455,0.2437,0.3808,9.0
0.0641,0.0669,0.0776,0.2226,0.5688,8.0
0.0094,0.0267,0.1529,0.5592,0.2518,8.0
0.0221,0.0278,0.057,0.2373,0.6559,10.0
0.016,0.0288,0.0612,0.2788,0.6152,10.0
0.0137,0.0692,0.3184,0.4806,0.1181,10.0
0.0083,0.0389,0.168,0.5383,0.2465,9.0
0.0515,0.2564,0.4359,0.2216,0.0345,9.0
0.0007,0.0007,0.0058,0.1732,0.8196,10.0
0.0049,0.0056,0.0193,0.183,0.7872,8.0
0.003,0.0076,0.0267,0.3131,0.6496,8.0
0.0022,0.0029,0.011,0.2012,0.7826,8.0
0.0162,0.0338,0.07,0.3356,0.5444,10.0
0.0515,0.2564,0.4359,0.2216,0.0345,9.0
0.0089,0.0535,0.351,0.4961,0.0904,10.0
0.0025,0.0025,0.0065,0.1131,0.8754,9.0
0.0568,0.0271,0.0305,0.1055,0.7801,9.0
0.0092,0.0142,0.0363,0.2461,0.6941,8.0
0.0042,0.0062,0.0327,0.2722,0.6847,8.0
0.0015,0.0019,0.009,0.2041,0.7835,9.0
0.1096,0.0703,0.0837,0.1791,0.5573,10.0
0.0015,0.0019,0.009,0.2041,0.7835,10.0
0.0108,0.0864,0.5097,0.3562,0.0368,9.0
0.0165,0.1481,0.5444,0.2686,0.0224,9.0
0.0077,0.0372,0.2003,0.5514,0.2033,9.0
0.0033,0.0035,0.0062,0.0999,0.8871,10.0
0.0023,0.0069,0.0403,0.4615,0.489,9.0
0.122,0.2344,0.2562,0.2638,0.1236,9.0
0.4547,0.2836,0.116,0.0683,0.0773,9.0
0.0076,0.0225,0.0831,0.4348,0.4521,9.0
0.0282,0.1353,0.4449,0.2962,0.0955,8.0
0.0033,0.0104,0.0474,0.3495,0.5893,10.0
0.0893,0.0929,0.1382,0.2914,0.3882,9.0
0.0108,0.0084,0.0145,0.1442,0.822,9.0
0.0011,0.001,0.009,0.1567,0.8323,9.0
0.0041,0.0076,0.0437,0.3204,0.6241,10.0
0.0078,0.0154,0.0514,0.3505,0.5749,9.0
0.0103,0.0502,0.2906,0.5042,0.1447,10.0
0.0028,0.0098,0.0553,0.4433,0.4888,10.0
0.0011,0.0037,0.1433,0.7268,0.1251,9.0
0.2576,0.0542,0.0496,0.048,0.5906,10.0
0.0012,0.0025,0.0132,0.179,0.8042,9.0
0.0016,0.001,0.0021,0.0134,0.9818,10.0
0.0009,0.0013,0.0209,0.3336,0.6434,9.0
0.0041,0.0229,0.141,0.5454,0.2866,9.0
0.0649,0.1049,0.1793,0.3558,0.2952,9.0
0.001,0.0011,0.0054,0.1015,0.891,7.0
0.0454,0.0464,0.0631,0.2742,0.5709,8.0
0.0016,0.0017,0.0055,0.1095,0.8817,10.0
0.1587,0.2554,0.1717,0.2484,0.1658,8.0
0.0699,0.1061,0.1533,0.3433,0.3275,10.0
0.2083,0.1259,0.0628,0.1562,0.4469,10.0
0.0015,0.0026,0.0402,0.4934,0.4623,9.0
0.0011,0.0012,0.0047,0.1157,0.8773,10.0
0.0162,0.0619,0.3116,0.4802,0.1301,8.0
0.0295,0.0484,0.0695,0.3293,0.5233,9.0
0.0101,0.0841,0.5547,0.3125,0.0386,9.0
0.0024,0.002,0.0119,0.1333,0.8503,10.0
0.0033,0.0061,0.0501,0.3988,0.5416,9.0
0.0014,0.0046,0.0655,0.5763,0.3521,9.0
0.0191,0.0899,0.3545,0.4163,0.1202,9.0
0.1984,0.5079,0.1748,0.0799,0.039,9.0
0.5361,0.3898,0.0532,0.0124,0.0086,10.0
0.039,0.1689,0.3705,0.335,0.0866,10.0
0.0201,0.0555,0.1855,0.4367,0.3022,10.0
0.2403,0.0839,0.037,0.0905,0.5483,9.0
0.0124,0.07,0.3665,0.4916,0.0595,9.0
0.0016,0.0022,0.0087,0.1981,0.7894,8.0
0.006,0.0194,0.135,0.5374,0.3021,9.0
0.0046,0.0131,0.06,0.346,0.5763,9.0
0.2208,0.4045,0.2298,0.1029,0.0421,9.0
0.0068,0.0186,0.0772,0.4786,0.4188,10.0
0.0016,0.0016,0.0095,0.1394,0.848,8.0
0.0184,0.0559,0.1397,0.4569,0.3292,9.0
0.0012,0.0011,0.0099,0.1334,0.8544,9.0
0.0015,0.0016,0.0175,0.1894,0.7901,6.0
0.0008,0.0005,0.0016,0.0174,0.9796,10.0
0.0024,0.0039,0.0568,0.4375,0.4994,9.0
0.0056,0.035,0.1543,0.5714,0.2338,10.0
0.01,0.0242,0.0764,0.3849,0.5045,10.0
0.0018,0.0017,0.0162,0.1818,0.7984,3.0
0.0143,0.0342,0.0526,0.3482,0.5506,9.0
0.059,0.0979,0.1378,0.2882,0.4171,9.0
0.0012,0.0009,0.0032,0.0533,0.9414,9.0
0.0082,0.0358,0.1175,0.5994,0.2391,10.0
0.0064,0.0175,0.1027,0.454,0.4194,10.0
0.0024,0.0029,0.0052,0.101,0.8886,10.0
0.0596,0.0646,0.0939,0.2732,0.5087,10.0
0.0161,0.0074,0.0062,0.0177,0.9527,10.0
0.0025,0.0071,0.0779,0.5029,0.4096,10.0
0.7202,0.2665,0.0121,0.0007,0.0004,4.0
0.001,0.0021,0.0135,0.2511,0.7323,10.0
0.022,0.2267,0.5275,0.206,0.0178,7.0
0.0052,0.0052,0.0248,0.1919,0.7729,10.0
0.0905,0.5744,0.3228,0.0115,0.0008,1.0
0.0008,0.0007,0.0038,0.0642,0.9306,10.0
0.0006,0.0009,0.0117,0.2616,0.7251,9.0
0.0006,0.0006,0.0029,0.0838,0.9121,10.0
0.0323,0.1884,0.4169,0.3192,0.0431,10.0
0.0436,0.1017,0.2986,0.3575,0.1986,10.0
0.0014,0.001,0.0026,0.9561,0.039,8.0
0.0107,0.0202,0.0433,0.2901,0.6358,8.0
0.0013,0.0011,0.0027,0.025,0.9699,10.0
0.0366,0.0826,0.2656,0.388,0.2273,9.0
0.0056,0.0732,0.7726,0.14,0.0087,10.0
0.0018,0.0027,0.011,0.1067,0.8777,8.0
0.0022,0.0036,0.0436,0.3404,0.6102,9.0
0.0019,0.004,0.0606,0.6351,0.2984,10.0
0.001,0.0007,0.0027,0.024,0.9716,10.0
0.0016,0.0164,0.2375,0.6611,0.0833,7.0
0.3587,0.2905,0.1857,0.0964,0.0688,10.0
0.0285,0.0372,0.0594,0.2705,0.6043,10.0
0.0102,0.0669,0.3829,0.4526,0.0874,10.0
0.008,0.0409,0.1389,0.6295,0.1827,6.0
0.0044,0.013,0.1067,0.5459,0.3298,10.0
0.0202,0.021,0.0497,0.1657,0.7434,10.0
0.0013,0.0016,0.0298,0.3442,0.6231,9.0
0.0316,0.0456,0.1422,0.3786,0.4021,10.0
0.0127,0.0129,0.0348,0.217,0.7225,10.0
0.0047,0.0554,0.5539,0.3603,0.0257,9.0
0.1252,0.5422,0.2733,0.0501,0.0092,3.0
0.0439,0.1144,0.3328,0.4094,0.0994,4.0
0.0134,0.0174,0.0463,0.2468,0.6762,10.0
0.0739,0.0686,0.0945,0.227,0.536,10.0
0.0017,0.0025,0.0139,0.2617,0.7202,10.0
0.0015,0.0036,0.0366,0.4198,0.5385,9.0
0.0005,0.0005,0.0023,0.041,0.9556,10.0
0.003,0.0061,0.0529,0.4005,0.5375,8.0
0.001,0.0013,0.0077,0.1389,0.851,10.0
0.0166,0.0167,0.0202,0.0889,0.8576,10.0
0.0015,0.0182,0.394,0.5692,0.0171,9.0
0.0012,0.0009,0.0028,0.0485,0.9466,10.0
0.2496,0.5565,0.1808,0.0112,0.002,0.0
0.0013,0.0017,0.0112,0.1608,0.8251,10.0
0.0164,0.0704,0.323,0.4504,0.1399,10.0
0.0009,0.0007,0.0029,0.0379,0.9576,10.0
0.0149,0.0631,0.1764,0.5011,0.2445,8.0
0.0023,0.002,0.0143,0.1923,0.7892,10.0
0.0047,0.0199,0.0853,0.59,0.3001,9.0
0.0008,0.0007,0.0055,0.1079,0.8852,10.0
0.1902,0.4684,0.2256,0.0781,0.0377,9.0
0.0006,0.0008,0.006,0.1256,0.867,10.0
0.0158,0.0255,0.0734,0.35,0.5353,10.0
0.0015,0.0055,0.084,0.5625,0.3465,7.0
0.0011,0.0048,0.0548,0.6272,0.3121,9.0
0.0397,0.0479,0.0979,0.2861,0.5284,10.0
0.1303,0.1831,0.1708,0.2563,0.2595,8.0
0.0009,0.0022,0.0192,0.3736,0.6041,9.0
0.4194,0.0696,0.0116,0.0084,0.4909,10.0
0.0222,0.0719,0.2558,0.46,0.1901,10.0
0.0053,0.0267,0.1973,0.644,0.1268,0.0
0.0014,0.0008,0.0046,0.0628,0.9304,9.0
0.2844,0.6406,0.0704,0.0038,0.0008,4.0
0.0153,0.0138,0.0191,0.051,0.9008,9.0
0.0083,0.0194,0.0937,0.6073,0.2714,10.0
0.0038,0.0038,0.0186,0.1975,0.7763,10.0
0.0134,0.0617,0.2099,0.4654,0.2496,9.0
0.0212,0.0216,0.0577,0.2583,0.6412,10.0
0.0013,0.001,0.005,0.0877,0.905,10.0
0.0007,0.0009,0.0043,0.1077,0.8864,10.0
0.001,0.0014,0.0043,0.0757,0.9177,10.0
0.0215,0.0131,0.0193,0.1025,0.8437,10.0
0.0014,0.0008,0.0015,0.0073,0.989,10.0
0.0023,0.0027,0.0045,0.0684,0.9221,10.0
0.1071,0.5884,0.2802,0.0226,0.0017,6.0
0.0112,0.0315,0.5293,0.2101,0.2178,10.0
0.3664,0.3721,0.1339,0.0629,0.0647,4.0
0.0024,0.0032,0.0069,0.1068,0.8806,10.0
0.0263,0.0827,0.1326,0.5954,0.163,8.0
0.0336,0.1966,0.3858,0.3499,0.0341,6.0
0.0046,0.0284,0.1568,0.5361,0.2742,9.0
0.0009,0.0007,0.0021,0.0336,0.9627,9.0
0.001,0.0011,0.0044,0.0658,0.9277,10.0
0.0018,0.0034,0.011,0.144,0.8399,10.0
0.02,0.0229,0.0938,0.3024,0.561,10.0
0.0019,0.0027,0.01,0.1195,0.8659,10.0
0.0256,0.4712,0.4641,0.0374,0.0016,4.0
0.0009,0.0007,0.0019,0.0359,0.9607,10.0
0.0523,0.2006,0.3829,0.2722,0.092,9.0
0.7091,0.2651,0.0229,0.0018,0.0011,1.0
0.0008,0.0007,0.0024,0.0406,0.9555,10.0
0.1103,0.5307,0.3171,0.0382,0.0037,6.0
0.0053,0.0262,0.0973,0.4685,0.4027,10.0
0.0272,0.1552,0.3392,0.3929,0.0856,8.0
0.0377,0.0572,0.0824,0.2961,0.5266,9.0
0.0057,0.0068,0.0086,0.0368,0.942,10.0
0.0015,0.0024,0.0335,0.3613,0.6013,10.0
0.739,0.2409,0.019,0.0007,0.0004,1.0
0.0048,0.0502,0.3805,0.5134,0.0511,10.0
0.0044,0.0295,0.2239,0.657,0.0852,8.0
0.0095,0.0752,0.3572,0.4867,0.0715,8.0
0.1021,0.5854,0.2435,0.0614,0.0077,0.0
0.0078,0.037,0.1725,0.6646,0.1181,9.0
0.0012,0.0021,0.0049,0.0784,0.9133,9.0
0.0028,0.0148,0.1156,0.6655,0.2013,9.0
0.0989,0.2557,0.215,0.303,0.1274,7.0
0.0055,0.0105,0.0212,0.2559,0.7069,10.0
0.019,0.0839,0.2872,0.5227,0.0873,7.0
0.0295,0.148,0.3689,0.396,0.0577,0.0
0.0142,0.1768,0.5358,0.261,0.0122,0.0
0.0172,0.0937,0.4406,0.3903,0.0582,7.0
0.0045,0.0454,0.4323,0.4896,0.0282,7.0
0.0035,0.0494,0.4713,0.4617,0.014,8.0
0.0056,0.0412,0.4453,0.4745,0.0334,8.0
0.0087,0.0472,0.2095,0.6076,0.1269,8.0
0.0316,0.0252,0.0255,0.0554,0.8623,9.0
0.0012,0.001,0.0072,0.1162,0.8744,9.0
0.0299,0.0459,0.1608,0.359,0.4044,10.0
0.0006,0.0005,0.0021,0.0484,0.9484,10.0
0.0006,0.0011,0.0093,0.2643,0.7247,10.0
0.0114,0.0144,0.0153,0.1257,0.8333,10.0
0.0039,0.0051,0.0252,0.2918,0.674,8.0
0.01,0.0278,0.0535,0.2954,0.6133,10.0
0.0174,0.0119,0.0171,0.0781,0.8755,9.0
0.0109,0.1686,0.7052,0.1127,0.0026,6.0
0.0697,0.3357,0.3667,0.1912,0.0367,2.0
0.0217,0.0268,0.063,0.2524,0.6362,0.0
0.0112,0.1145,0.5638,0.2867,0.0239,9.0
0.0057,0.0231,0.1097,0.502,0.3594,9.0
0.1339,0.3757,0.4787,0.0099,0.0017,3.0
0.0006,0.0007,0.0035,0.0909,0.9041,10.0
0.6259,0.3501,0.0221,0.0013,0.0005,1.0
0.0018,0.0105,0.0925,0.6733,0.2219,9.0
0.0027,0.004,0.0152,0.1999,0.7781,9.0
0.0044,0.0045,0.0083,0.0654,0.9174,10.0
0.8274,0.15,0.0163,0.0034,0.0029,2.0
0.0015,0.0025,0.006,0.0734,0.9166,10.0
0.0032,0.0174,0.158,0.7345,0.087,9.0
0.0006,0.0015,0.0384,0.6002,0.3593,9.0
0.0057,0.0364,0.2299,0.6721,0.0559,8.0
0.0016,0.0039,0.0197,0.2974,0.6774,9.0
0.0496,0.0916,0.101,0.3,0.4578,10.0
0.0062,0.0142,0.058,0.5315,0.3901,9.0
0.0543,0.1571,0.1878,0.3868,0.2139,8.0
0.0123,0.0961,0.4252,0.4241,0.0424,6.0
0.0009,0.0011,0.004,0.1025,0.8915,10.0
0.0982,0.1079,0.1094,0.1985,0.4859,10.0
0.0474,0.1245,0.2054,0.4001,0.2227,10.0
0.04,0.3482,0.4372,0.1603,0.0143,4.0
0.001,0.0006,0.001,0.0093,0.988,10.0
0.0046,0.0109,0.0564,0.3985,0.5297,10.0
0.0526,0.1997,0.2741,0.3159,0.1576,9.0
0.9022,0.0931,0.0036,0.0005,0.0007,4.0
0.0053,0.0125,0.0578,0.3691,0.5553,9.0
0.002,0.0063,0.0545,0.4202,0.5169,10.0
0.0179,0.0154,0.0268,0.2235,0.7164,9.0
0.413,0.5216,0.0612,0.0033,0.0009,3.0
0.0029,0.0077,0.0635,0.5075,0.4183,10.0
0.0066,0.0331,0.1109,0.5075,0.342,10.0
0.0013,0.0019,0.0127,0.2108,0.7733,9.0
0.0052,0.0059,0.0138,0.1294,0.8457,10.0
0.0129,0.0309,0.084,0.4142,0.458,10.0
0.0005,0.0011,0.0127,0.4179,0.5678,8.0
0.0257,0.5413,0.4146,0.0177,0.0007,1.0
0.003,0.0049,0.0121,0.1388,0.8411,10.0
0.002,0.0038,0.0199,0.2623,0.7119,9.0
0.0077,0.0481,0.238,0.5885,0.1176,0.0
0.0273,0.1695,0.4619,0.3047,0.0366,9.0
0.0508,0.3892,0.3933,0.149,0.0177,8.0
0.0069,0.0318,0.203,0.5268,0.2315,0.0
0.0708,0.2371,0.3691,0.1767,0.1463,10.0
0.0571,0.3977,0.4275,0.1102,0.0075,10.0
0.0655,0.1884,0.4349,0.1772,0.134,10.0
0.0012,0.0021,0.0153,0.2447,0.7366,9.0
0.0077,0.0308,0.1037,0.4866,0.3712,9.0
0.0078,0.0142,0.0382,0.2402,0.6996,10.0
0.0053,0.0172,0.0844,0.49,0.4031,10.0
0.0011,0.0014,0.0031,0.0267,0.9677,10.0
0.0618,0.1798,0.24,0.4165,0.1019,8.0
0.0122,0.0431,0.1782,0.5241,0.2424,10.0
0.003,0.0105,0.1074,0.4967,0.3824,10.0
0.0382,0.1195,0.1415,0.3647,0.3362,10.0
0.0137,0.0243,0.0659,0.3483,0.5478,8.0
0.0455,0.0833,0.1063,0.3216,0.4434,10.0
0.0016,0.0028,0.02,0.2098,0.7658,9.0
0.0055,0.0154,0.0612,0.2978,0.6201,10.0
0.1014,0.248,0.2763,0.2105,0.1638,10.0
0.1188,0.347,0.2601,0.2142,0.06,10.0
0.0022,0.009,0.0958,0.516,0.377,10.0
0.0021,0.003,0.0073,0.1195,0.8681,9.0
0.0449,0.076,0.1671,0.2326,0.4795,10.0
0.0014,0.0089,0.1431,0.7066,0.14,9.0
0.0023,0.0122,0.1032,0.5112,0.3711,10.0
0.0012,0.0012,0.0035,0.0594,0.9348,10.0
0.0353,0.2048,0.4541,0.2619,0.0438,0.0
0.0081,0.0125,0.0237,0.2012,0.7545,10.0
0.0032,0.0081,0.0566,0.4189,0.5132,10.0
0.1905,0.3726,0.2712,0.1349,0.0308,2.0
0.0015,0.0014,0.0031,0.0679,0.9262,10.0
0.0029,0.0068,0.0314,0.3599,0.599,10.0
0.0008,0.0015,0.0091,0.2161,0.7725,10.0
0.0039,0.0278,0.2126,0.6511,0.1046,0.0
0.0047,0.0098,0.0387,0.3408,0.606,9.0
0.0024,0.0083,0.0531,0.4739,0.4623,0.0
0.0288,0.1583,0.3953,0.371,0.0466,8.0
0.0059,0.0623,0.338,0.5071,0.0866,6.0
0.0016,0.0018,0.0045,0.056,0.9361,9.0
0.0065,0.0208,0.0985,0.6439,0.2302,9.0
0.3656,0.332,0.102,0.096,0.1044,4.0
0.0019,0.0052,0.0302,0.3799,0.5828,10.0
0.0205,0.0487,0.1014,0.4012,0.4282,8.0
0.0441,0.3165,0.5275,0.1034,0.0085,7.0
0.004,0.0828,0.643,0.2627,0.0074,7.0
0.0011,0.0022,0.0093,0.1787,0.8088,10.0
0.0481,0.0712,0.0848,0.2532,0.5427,9.0
0.04,0.3994,0.4444,0.1065,0.0097,7.0
0.0013,0.0029,0.0174,0.3346,0.6438,10.0
0.026,0.0964,0.1787,0.455,0.2439,9.0
0.008,0.0126,0.0233,0.1977,0.7584,10.0
0.0344,0.1341,0.2331,0.4,0.1984,9.0
0.0193,0.0732,0.4399,0.3966,0.071,7.0
0.0078,0.0183,0.0885,0.3449,0.5405,10.0
0.0064,0.0912,0.5003,0.3852,0.0169,9.0
0.0122,0.0712,0.2113,0.5597,0.1456,10.0
0.0187,0.0721,0.2225,0.5109,0.1759,7.0
0.0092,0.0203,0.0432,0.3277,0.5996,10.0
0.0036,0.0072,0.0235,0.2654,0.7003,10.0
0.0179,0.0338,0.0563,0.3149,0.5771,9.0
0.001,0.0019,0.0119,0.1578,0.8274,10.0
0.2052,0.6297,0.1418,0.0198,0.0035,4.0
0.0039,0.0036,0.0103,0.0808,0.9014,10.0
0.0081,0.0444,0.0405,0.1115,0.7955,10.0
0.0023,0.0067,0.0533,0.5474,0.3903,9.0
0.0012,0.0016,0.009,0.1887,0.7995,10.0
0.0023,0.0035,0.0171,0.4132,0.5639,10.0
0.077,0.1067,0.1011,0.2577,0.4574,10.0
0.002,0.0056,0.0419,0.5609,0.3895,10.0
0.0106,0.072,0.2086,0.5306,0.1782,0.0
0.0013,0.0043,0.0308,0.4754,0.4883,8.0
0.0071,0.066,0.3051,0.5272,0.0946,8.0
0.0159,0.0577,0.2281,0.5016,0.1966,9.0
0.0039,0.0067,0.0165,0.1972,0.7757,9.0
0.0656,0.4085,0.2775,0.1977,0.0506,10.0
0.0398,0.037,0.0306,0.0633,0.8294,10.0
0.0102,0.0134,0.0559,0.2705,0.65,5.0
0.0022,0.0049,0.0314,0.4127,0.5489,10.0
0.0674,0.2813,0.4382,0.1912,0.0219,0.0
0.0052,0.0058,0.0167,0.1569,0.8154,9.0
0.0029,0.0049,0.0195,0.2215,0.7512,9.0
0.0442,0.2723,0.4499,0.2122,0.0215,10.0
0.0345,0.0393,0.0735,0.2235,0.6291,0.0
0.0019,0.0035,0.0163,0.1927,0.7856,10.0
0.0015,0.0023,0.0079,0.1379,0.8505,10.0
0.031,0.1025,0.2211,0.4381,0.2072,9.0
0.0033,0.0098,0.0392,0.3493,0.5983,8.0
0.0063,0.0044,0.0063,0.0404,0.9427,10.0
0.0494,0.041,0.0267,0.1093,0.7736,10.0
0.0012,0.0022,0.0142,0.3232,0.6593,10.0
0.0118,0.0524,0.1705,0.5428,0.2225,9.0
0.0006,0.0008,0.0036,0.1029,0.8922,10.0
0.0042,0.0078,0.0333,0.2822,0.6725,9.0
0.0647,0.173,0.2323,0.3486,0.1815,10.0
0.0087,0.025,0.0697,0.4569,0.4397,10.0
0.0008,0.0022,0.0284,0.6581,0.3104,10.0
0.0086,0.0272,0.0553,0.8025,0.1064,8.0
0.0013,0.0015,0.0021,0.0229,0.9721,10.0
0.0026,0.01,0.0764,0.5702,0.3408,10.0
0.1038,0.4759,0.3168,0.0892,0.0143,5.0
0.0059,0.0072,0.0134,0.2062,0.7673,10.0
0.0007,0.001,0.0064,0.1778,0.8141,10.0
0.0047,0.0097,0.0443,0.3623,0.579,10.0
0.1451,0.5237,0.2511,0.0708,0.0093,9.0
0.0205,0.0479,0.1045,0.4206,0.4066,9.0
0.0312,0.1025,0.1645,0.3582,0.3436,10.0
0.0069,0.0143,0.0367,0.213,0.7292,10.0
0.3221,0.517,0.1023,0.0414,0.0171,1.0
0.0444,0.2021,0.7169,0.0323,0.0043,3.0
0.007,0.0112,0.0391,0.2886,0.6541,10.0
0.7025,0.2429,0.0426,0.0084,0.0036,1.0
0.2747,0.2357,0.1774,0.1601,0.1521,10.0
0.0136,0.0138,0.0177,0.1428,0.8122,9.0
0.0045,0.0163,0.0793,0.3813,0.5186,10.0
0.0011,0.0049,0.0654,0.6352,0.2934,10.0
0.0026,0.0247,0.3634,0.5681,0.0412,8.0
0.0141,0.0288,0.0535,0.2074,0.6962,10.0
0.0048,0.0451,0.2548,0.5865,0.1089,8.0
0.0015,0.0101,0.1189,0.764,0.1055,7.0
0.0018,0.0065,0.0825,0.687,0.2222,9.0
0.0053,0.0266,0.2712,0.5747,0.1222,10.0
0.0031,0.0217,0.2987,0.5988,0.0776,7.0
0.0079,0.0416,0.2444,0.5836,0.1225,9.0
0.0026,0.0141,0.1148,0.7843,0.0842,9.0
0.0082,0.054,0.3266,0.5714,0.0398,9.0
0.0027,0.0227,0.3139,0.607,0.0537,7.0
0.0082,0.0674,0.3839,0.479,0.0614,7.0
0.003,0.0129,0.1103,0.5529,0.321,10.0
0.0022,0.0087,0.0761,0.5535,0.3594,9.0
0.0095,0.0353,0.2874,0.5315,0.1363,9.0
0.0079,0.0238,0.0808,0.4768,0.4107,9.0
0.0036,0.0167,0.1972,0.59,0.1926,6.0
0.0117,0.0681,0.2827,0.5238,0.1136,10.0
0.0037,0.0201,0.2728,0.5703,0.1332,8.0
0.0221,0.0982,0.227,0.4993,0.1533,7.0
0.0052,0.0359,0.3083,0.5701,0.0806,10.0
0.0356,0.2076,0.3535,0.344,0.0593,10.0
0.0028,0.0152,0.1151,0.6577,0.2091,10.0
0.0027,0.016,0.1142,0.6506,0.2165,9.0
0.0027,0.009,0.1016,0.543,0.3436,10.0
0.0102,0.0489,0.2728,0.5542,0.1139,7.0
0.0054,0.0232,0.1288,0.5495,0.293,10.0
0.01,0.0425,0.3267,0.5092,0.1116,8.0
0.0013,0.0156,0.314,0.6348,0.0343,8.0
0.0038,0.0293,0.283,0.6252,0.0587,8.0
0.0084,0.0437,0.1834,0.6075,0.1571,0.0
0.0013,0.0152,0.352,0.6019,0.0297,0.0
0.0482,0.0803,0.1174,0.3403,0.4138,0.0
0.006,0.0313,0.0937,0.8488,0.0202,0.0
0.0119,0.05,0.1475,0.559,0.2316,9.0
0.0066,0.0081,0.0148,0.1365,0.834,10.0
0.0157,0.0424,0.2017,0.4093,0.3308,10.0
0.0025,0.0091,0.0726,0.6037,0.3122,8.0
0.0071,0.0137,0.0411,0.162,0.7762,9.0
0.009,0.052,0.2628,0.5889,0.0874,9.0
0.0034,0.0145,0.1173,0.6419,0.223,8.0
0.013,0.0263,0.0543,0.2595,0.6469,10.0
0.3422,0.2035,0.113,0.1594,0.1819,10.0
0.0125,0.026,0.0441,0.2804,0.637,8.0
0.0022,0.0065,0.0354,0.3936,0.5623,10.0
0.0228,0.0254,0.0398,0.1195,0.7924,0.0
0.7761,0.2146,0.0074,0.0009,0.0011,1.0
0.0072,0.1245,0.5657,0.2919,0.0108,0.0
0.0268,0.0811,0.2398,0.446,0.2063,10.0
0.0601,0.158,0.2622,0.3523,0.1675,9.0
0.0343,0.023,0.0228,0.0696,0.8504,10.0
0.0048,0.0068,0.0116,0.1176,0.8592,10.0
0.011,0.0996,0.5522,0.312,0.0253,9.0
0.0064,0.0801,0.5205,0.3729,0.0202,10.0
0.0009,0.0008,0.0011,0.0176,0.9796,10.0
0.3746,0.5567,0.0629,0.0049,0.001,1.0
0.0285,0.04,0.0571,0.306,0.5685,10.0
0.0511,0.1216,0.1555,0.3207,0.3511,7.0
0.2521,0.3625,0.2018,0.1341,0.0495,10.0
0.0125,0.2736,0.6218,0.0885,0.0035,7.0
0.002,0.0023,0.0081,0.1416,0.846,10.0
0.1401,0.4359,0.2431,0.1429,0.0379,2.0
0.0199,0.0769,0.2636,0.4257,0.2138,10.0
0.5611,0.3697,0.0471,0.0134,0.0088,1.0
0.0197,0.0382,0.1044,0.5161,0.3216,10.0
0.0138,0.0807,0.3,0.4843,0.1213,10.0
0.0616,0.1446,0.2288,0.3114,0.2536,10.0
0.0273,0.1192,0.2295,0.4382,0.1859,10.0
0.0022,0.0028,0.0079,0.0879,0.8992,10.0
0.0335,0.203,0.3883,0.3416,0.0336,10.0
0.0056,0.0124,0.0447,0.3511,0.5863,10.0
0.0011,0.0021,0.0139,0.349,0.6339,10.0
0.0028,0.0066,0.0269,0.361,0.6027,10.0
0.3368,0.4053,0.1129,0.0884,0.0566,1.0
0.0126,0.0736,0.1917,0.5467,0.1756,9.0
0.0104,0.1286,0.8027,0.055,0.0032,8.0
0.0136,0.0682,0.3128,0.5339,0.0715,9.0
0.399,0.5021,0.0783,0.0153,0.0054,2.0
0.0005,0.0007,0.0025,0.0739,0.9224,10.0
0.0103,0.0321,0.1317,0.4495,0.3764,10.0
0.0026,0.0058,0.0184,0.2085,0.7647,10.0
0.2121,0.4345,0.1685,0.125,0.0599,10.0
0.0265,0.0276,0.0401,0.2071,0.6987,10.0
0.0016,0.0033,0.0198,0.3225,0.6528,8.0
0.0765,0.1579,0.1917,0.3882,0.1856,10.0
0.0219,0.106,0.5657,0.2644,0.042,8.0
0.0024,0.0244,0.164,0.6304,0.1788,10.0
0.0717,0.2136,0.2282,0.3439,0.1427,8.0
0.1799,0.4936,0.3033,0.0196,0.0036,2.0
0.0817,0.2198,0.2929,0.3665,0.0391,5.0
0.0138,0.0225,0.0332,0.2271,0.7034,10.0
0.013,0.0886,0.3633,0.447,0.088,9.0
0.0177,0.0474,0.1554,0.533,0.2464,8.0
0.0047,0.017,0.0648,0.5409,0.3726,10.0
0.0507,0.0828,0.099,0.2989,0.4686,9.0
0.8462,0.1299,0.0134,0.0042,0.0062,1.0
0.0021,0.0039,0.0137,0.1613,0.819,10.0
0.1781,0.6019,0.1902,0.026,0.0038,2.0
0.0572,0.3846,0.4127,0.1294,0.0161,1.0
0.0238,0.2456,0.483,0.2298,0.0179,8.0
0.0061,0.0239,0.1184,0.5532,0.2985,10.0
0.2715,0.5261,0.1488,0.0432,0.0103,4.0
0.0161,0.1881,0.6376,0.1496,0.0086,10.0
0.0231,0.122,0.3954,0.4169,0.0426,2.0
0.0032,0.0065,0.0233,0.1759,0.7911,10.0
0.4925,0.3083,0.0604,0.0396,0.0993,9.0
0.6561,0.3215,0.019,0.002,0.0013,1.0
0.0081,0.1576,0.6229,0.202,0.0095,9.0
0.0018,0.0024,0.0055,0.0874,0.903,10.0
0.0009,0.0008,0.0016,0.0153,0.9813,10.0
0.1555,0.1098,0.1008,0.1892,0.4447,10.0
0.001,0.0024,0.0155,0.3673,0.6137,10.0
0.0004,0.0006,0.0046,0.1203,0.8741,10.0
0.2766,0.4858,0.1644,0.0547,0.0185,8.0
0.0389,0.0643,0.1008,0.3294,0.4666,10.0
0.333,0.301,0.114,0.1215,0.1304,10.0
0.0051,0.0242,0.1379,0.6317,0.2011,8.0
0.0064,0.0026,0.0039,0.0166,0.9706,10.0
0.152,0.1708,0.1385,0.2324,0.3063,9.0
0.0214,0.0545,0.1322,0.4831,0.3087,9.0
0.0221,0.0517,0.1304,0.4722,0.3237,10.0
0.0327,0.0352,0.04,0.1806,0.7115,10.0
0.0543,0.093,0.0822,0.2483,0.5223,10.0
0.0021,0.0049,0.0224,0.2557,0.7149,10.0
0.004,0.0244,0.2,0.5989,0.1727,8.0
0.0261,0.073,0.1552,0.4316,0.314,9.0
0.0042,0.017,0.0718,0.7395,0.1675,9.0
0.0093,0.0416,0.1361,0.4906,0.3225,10.0
0.3865,0.5638,0.0422,0.0056,0.0018,2.0
0.0459,0.0382,0.0351,0.1063,0.7745,10.0
0.0109,0.1093,0.4653,0.3708,0.0438,7.0
0.0044,0.0297,0.1455,0.6506,0.1698,10.0
0.1275,0.548,0.2564,0.0578,0.0104,6.0
0.0295,0.1378,0.2973,0.34,0.1954,10.0
0.0182,0.1404,0.4359,0.3561,0.0494,8.0
0.0027,0.0175,0.1353,0.7275,0.1169,10.0
0.0009,0.0021,0.0134,0.8048,0.1787,7.0
0.0048,0.0292,0.1438,0.5707,0.2515,9.0
0.3644,0.2579,0.12,0.1001,0.1576,0.0
0.0016,0.0024,0.0081,0.1555,0.8323,10.0
0.0057,0.0432,0.2419,0.5891,0.1201,10.0
0.0341,0.065,0.1443,0.379,0.3776,9.0
0.0022,0.0029,0.0054,0.0616,0.9279,10.0
0.0015,0.0042,0.0184,0.4066,0.5693,9.0
0.7531,0.196,0.0277,0.0096,0.0135,1.0
0.0091,0.0864,0.5274,0.3587,0.0184,9.0
0.3412,0.5207,0.108,0.0204,0.0098,4.0
0.0735,0.133,0.1137,0.2639,0.4159,9.0
0.0436,0.0513,0.0706,0.2699,0.5647,8.0
0.0013,0.0018,0.0065,0.0413,0.9491,10.0
0.0033,0.0043,0.0112,0.1166,0.8646,10.0
0.0171,0.1103,0.4534,0.3562,0.063,8.0
0.006,0.0964,0.6452,0.2464,0.006,6.0
0.0689,0.1295,0.192,0.3106,0.299,10.0
0.0021,0.01,0.1066,0.7154,0.1659,9.0
0.1044,0.5611,0.2635,0.0627,0.0083,9.0
0.0028,0.0025,0.0049,0.0725,0.9174,10.0
0.2336,0.3707,0.2011,0.1483,0.0463,3.0
0.0054,0.042,0.25,0.5977,0.1049,10.0
0.0045,0.0296,0.1849,0.6574,0.1236,8.0
0.0046,0.1146,0.6784,0.1986,0.0038,7.0
0.0705,0.2339,0.2061,0.3599,0.1296,9.0
0.0162,0.1304,0.3999,0.4065,0.0469,10.0
0.0514,0.4701,0.4394,0.0369,0.0022,6.0
0.1352,0.3847,0.2951,0.1409,0.0442,2.0
0.001,0.0019,0.0167,0.2598,0.7206,10.0
0.1445,0.6771,0.1641,0.0128,0.0015,4.0
0.0203,0.1528,0.3687,0.3821,0.0761,8.0
0.0301,0.0592,0.1057,0.4486,0.3564,10.0
0.6848,0.2834,0.0208,0.0061,0.005,1.0
0.0328,0.0806,0.1203,0.3279,0.4385,10.0
0.0011,0.0041,0.0359,0.6575,0.3014,9.0
0.1637,0.1759,0.1566,0.2132,0.2905,10.0
0.0036,0.0152,0.126,0.623,0.2322,10.0
0.0112,0.0271,0.0982,0.5362,0.3274,0.0
0.0049,0.0119,0.0381,0.1761,0.769,10.0
0.033,0.067,0.0966,0.3349,0.4684,8.0
0.0834,0.0564,0.0342,0.1216,0.7044,10.0
0.0148,0.0119,0.0201,0.1455,0.8076,10.0
0.3154,0.6271,0.0548,0.0022,0.0004,0.0
0.0088,0.0234,0.088,0.4718,0.408,10.0
0.0022,0.0039,0.0105,0.1679,0.8154,10.0
0.0021,0.0024,0.0085,0.1079,0.8791,10.0
0.0136,0.0373,0.1215,0.4751,0.3525,10.0
0.0009,0.0021,0.0108,0.1673,0.8189,10.0
0.0007,0.0009,0.0052,0.1469,0.8463,10.0
0.0064,0.0082,0.0183,0.1139,0.8532,10.0
0.0094,0.0352,0.1104,0.5531,0.292,10.0
0.0013,0.0011,0.0016,0.0131,0.9829,10.0
0.0091,0.1526,0.6405,0.192,0.0059,7.0
0.1518,0.156,0.0997,0.2154,0.3771,5.0
0.0072,0.0126,0.0301,0.2605,0.6896,10.0
0.0022,0.003,0.0091,0.1112,0.8745,10.0
0.0312,0.3369,0.4751,0.1467,0.0101,3.0
0.0272,0.0347,0.0674,0.2492,0.6215,10.0
0.0045,0.0057,0.0115,0.1857,0.7926,10.0
0.0007,0.0011,0.0042,0.1097,0.8843,10.0
0.0549,0.1622,0.2636,0.34,0.1792,8.0
0.0269,0.1067,0.1551,0.3911,0.3202,10.0
0.0682,0.0631,0.0574,0.2482,0.5632,10.0
0.0018,0.0037,0.0206,0.3041,0.6698,10.0
0.0034,0.0137,0.0878,0.6239,0.2711,9.0
0.0098,0.0277,0.0992,0.4808,0.3826,10.0
0.0134,0.1671,0.4655,0.332,0.0219,8.0
0.0039,0.01,0.0538,0.3577,0.5746,10.0
0.025,0.2184,0.4953,0.2385,0.0229,0.0
0.2267,0.6023,0.1365,0.0283,0.0062,1.0
0.0022,0.0051,0.0289,0.3941,0.5697,10.0
0.0008,0.0014,0.0074,0.1861,0.8043,10.0
0.0023,0.0038,0.0208,0.3058,0.6673,9.0
0.0426,0.1182,0.2061,0.3536,0.2794,10.0
0.0035,0.015,0.1604,0.657,0.1641,10.0
0.0114,0.0463,0.142,0.6051,0.1953,9.0
0.2129,0.2044,0.1622,0.2004,0.2201,10.0
0.0022,0.0084,0.1569,0.5387,0.2938,10.0
0.0084,0.0449,0.2474,0.557,0.1423,9.0
0.0568,0.0735,0.1401,0.3014,0.4283,10.0
0.0012,0.0025,0.0132,0.179,0.8042,9.0
0.0012,0.0025,0.0106,0.2284,0.7574,10.0
0.0076,0.0385,0.2456,0.5095,0.1988,0.0
0.0051,0.0148,0.0807,0.4415,0.458,10.0
0.0752,0.245,0.3458,0.2726,0.0614,10.0
0.0037,0.0658,0.7869,0.1373,0.0064,9.0
0.0068,0.0152,0.0546,0.3407,0.5827,10.0
0.0008,0.0027,0.0353,0.5245,0.4368,9.0
0.0022,0.0114,0.1337,0.7121,0.1405,7.0
0.001,0.0023,0.0082,0.093,0.8955,10.0
0.348,0.5046,0.0991,0.0356,0.0126,2.0
0.0161,0.0874,0.3141,0.4868,0.0956,8.0
0.0414,0.0402,0.042,0.1339,0.7425,10.0
0.0179,0.1292,0.305,0.4619,0.086,10.0
0.004,0.0066,0.0179,0.2569,0.7146,10.0
0.0475,0.1749,0.2632,0.3043,0.2101,10.0
0.1351,0.069,0.0268,0.0781,0.6909,10.0
0.0048,0.0348,0.1843,0.6367,0.1395,8.0
0.0023,0.0045,0.0155,0.2274,0.7504,9.0
0.4703,0.3466,0.08,0.0565,0.0467,10.0
0.0059,0.0037,0.004,0.0371,0.9494,10.0
0.0089,0.0064,0.0054,0.0412,0.9381,10.0
0.0051,0.005,0.0099,0.1038,0.8761,10.0
0.0145,0.0357,0.1139,0.458,0.3779,10.0
0.0167,0.1673,0.5658,0.2311,0.0192,9.0
0.0022,0.0087,0.0868,0.8566,0.0457,10.0
0.5628,0.3212,0.0778,0.0241,0.0141,10.0
0.0178,0.0367,0.0735,0.3023,0.5698,10.0
0.0144,0.1524,0.4037,0.3825,0.0471,9.0
0.0045,0.0048,0.009,0.0641,0.9175,10.0
0.0078,0.039,0.2178,0.7013,0.0341,8.0
0.0064,0.0226,0.1535,0.7165,0.1009,9.0
0.3324,0.2893,0.1612,0.1106,0.1065,10.0
0.0008,0.0014,0.0106,0.2683,0.7189,10.0
0.0039,0.0034,0.0052,0.0543,0.9332,10.0
0.5794,0.3481,0.047,0.0156,0.0099,1.0
0.016,0.0318,0.07,0.3247,0.5575,10.0
0.0761,0.4617,0.4102,0.0489,0.0031,2.0
0.0026,0.0081,0.0374,0.3036,0.6482,10.0
0.0241,0.058,0.1131,0.4134,0.3914,0.0
0.0081,0.0063,0.0116,0.0697,0.9042,0.0
0.0133,0.0286,0.0618,0.3005,0.5958,10.0
0.165,0.1406,0.0952,0.1722,0.427,0.0
0.0036,0.0125,0.084,0.7346,0.1654,0.0
0.3405,0.2806,0.1939,0.1073,0.0777,9.0
0.0046,0.0524,0.5369,0.3939,0.0122,0.0
0.7455,0.2403,0.0127,0.0009,0.0006,1.0
0.0035,0.0551,0.4875,0.4431,0.0108,0.0
0.1017,0.3831,0.2811,0.1879,0.0461,8.0
0.0368,0.2296,0.4404,0.2556,0.0376,0.0
0.0023,0.0274,0.2314,0.6755,0.0634,10.0
0.2775,0.3181,0.1498,0.1543,0.1003,6.0
0.0143,0.0494,0.2102,0.515,0.2111,0.0
0.1828,0.4668,0.2434,0.0909,0.0162,0.0
0.0357,0.1818,0.6601,0.1188,0.0037,6.0
0.0053,0.0197,0.1163,0.5207,0.338,10.0
0.1613,0.4711,0.2763,0.0777,0.0136,0.0
0.063,0.2506,0.3734,0.2669,0.0461,10.0
0.0053,0.0573,0.5801,0.33,0.0273,10.0
0.0026,0.0173,0.1429,0.7769,0.0603,9.0
0.1843,0.392,0.3095,0.0896,0.0246,9.0
0.091,0.6641,0.2148,0.0272,0.0028,0.0
0.0159,0.0865,0.2849,0.4845,0.1282,10.0
0.0006,0.0006,0.0029,0.0688,0.9271,10.0
0.0057,0.059,0.3643,0.5128,0.0582,0.0
0.0106,0.0229,0.0512,0.318,0.5973,10.0
0.004,0.0043,0.0071,0.0771,0.9075,0.0
0.0625,0.2205,0.35,0.3064,0.0606,0.0
0.0012,0.0009,0.0019,0.0258,0.9702,0.0
0.2779,0.2998,0.1302,0.1528,0.1393,0.0
0.6136,0.3137,0.0438,0.0164,0.0126,1.0
0.0228,0.1534,0.3574,0.4019,0.0646,9.0
0.0014,0.0014,0.0053,0.0576,0.9343,10.0
0.0707,0.9191,0.0089,0.0005,0.0008,7.0
0.1993,0.5765,0.1867,0.0331,0.0045,1.0
0.5813,0.0888,0.0281,0.0175,0.2843,7.0
0.0213,0.298,0.5597,0.115,0.0061,0.0
0.0117,0.0235,0.0984,0.4093,0.4571,10.0
0.3966,0.3515,0.1214,0.0917,0.0388,0.0
0.6172,0.287,0.039,0.0181,0.0387,0.0
0.2062,0.4037,0.1342,0.1271,0.1288,10.0
0.3411,0.5092,0.1231,0.0214,0.0052,8.0
0.0015,0.0023,0.016,0.2084,0.7718,0.0
0.0006,0.0007,0.0055,0.136,0.8572,10.0
0.0011,0.001,0.0028,0.0326,0.9625,10.0
0.0603,0.2633,0.3678,0.2376,0.0709,8.0
0.0413,0.0556,0.0818,0.2066,0.6147,10.0
0.0026,0.0131,0.1374,0.7462,0.1006,0.0
0.0032,0.0072,0.0625,0.4691,0.458,10.0
0.0265,0.0596,0.1332,0.4523,0.3283,0.0
0.001,0.0012,0.0026,0.0518,0.9433,10.0
0.2424,0.5295,0.1714,0.0455,0.0112,1.0
0.3673,0.517,0.0954,0.0157,0.0047,1.0
0.0097,0.0948,0.4935,0.3915,0.0106,9.0
0.0795,0.4621,0.3671,0.0838,0.0076,7.0
0.4081,0.4135,0.0975,0.0497,0.0311,10.0
0.0064,0.051,0.4836,0.4247,0.0343,0.0
0.0028,0.0028,0.013,0.1385,0.8429,10.0
0.0317,0.0283,0.0331,0.1683,0.7386,10.0
0.0366,0.0371,0.1443,0.4256,0.3564,9.0
0.0759,0.1298,0.1402,0.2154,0.4387,10.0
0.0301,0.0828,0.2598,0.3717,0.2556,10.0
0.0052,0.0701,0.305,0.604,0.0157,8.0
0.2979,0.5876,0.1097,0.0043,0.0006,4.0
0.0119,0.0841,0.2911,0.4924,0.1205,10.0
0.001,0.0028,0.0459,0.6811,0.2692,10.0
0.0023,0.0121,0.0886,0.5907,0.3062,10.0
0.0051,0.0115,0.0282,0.2535,0.7017,10.0
0.0139,0.0245,0.0412,0.2481,0.6723,10.0
0.6701,0.31,0.0149,0.0027,0.0023,1.0
0.0013,0.0015,0.0032,0.0367,0.9574,10.0
0.0014,0.0012,0.0023,0.0393,0.9558,10.0
0.0014,0.0022,0.0157,0.2706,0.7101,10.0
0.0372,0.1288,0.3085,0.4145,0.1109,10.0
0.0145,0.0185,0.0364,0.2114,0.7191,0.0
0.0012,0.0012,0.0046,0.0919,0.9011,10.0
0.0047,0.0036,0.0052,0.0492,0.9372,9.0
0.1785,0.6362,0.1704,0.0129,0.002,2.0
0.019,0.0795,0.242,0.5276,0.132,3.0
0.0026,0.0066,0.0502,0.3535,0.5871,0.0
0.0418,0.0856,0.1135,0.3603,0.3988,10.0
0.0019,0.0017,0.008,0.1737,0.8147,10.0
0.002,0.0044,0.0246,0.2807,0.6883,0.0
0.0034,0.0068,0.0226,0.2491,0.7181,10.0
0.0025,0.0182,0.39,0.5844,0.0049,6.0
0.769,0.1746,0.0202,0.0142,0.0221,1.0
0.008,0.0098,0.0334,0.3574,0.5914,9.0
0.0082,0.0072,0.0255,0.1984,0.7608,10.0
0.0239,0.042,0.0989,0.3832,0.452,10.0
0.0767,0.0322,0.0229,0.0421,0.826,10.0
0.0107,0.0368,0.1761,0.599,0.1774,0.0
0.0117,0.0283,0.1098,0.484,0.3662,0.0
0.0223,0.0256,0.0279,0.1848,0.7393,0.0
0.0411,0.2131,0.4528,0.2525,0.0405,10.0
0.3986,0.1335,0.1161,0.0964,0.2554,0.0
0.2707,0.6011,0.1223,0.005,0.0008,0.0
0.0039,0.0148,0.155,0.7111,0.1151,10.0
0.591,0.3561,0.0441,0.0057,0.003,6.0
0.0007,0.0006,0.0018,0.0415,0.9554,10.0
0.107,0.4927,0.3184,0.0741,0.0077,0.0
0.0033,0.0684,0.7183,0.2067,0.0033,0.0
0.0076,0.0098,0.0235,0.1655,0.7936,10.0
0.3538,0.5685,0.066,0.0096,0.0021,0.0
0.0097,0.1179,0.4925,0.3177,0.0623,0.0
0.0385,0.0691,0.1534,0.3525,0.3865,9.0
0.2352,0.6599,0.0971,0.0067,0.0012,1.0
0.0271,0.0469,0.069,0.2466,0.6103,0.0
0.001,0.002,0.0204,0.3639,0.6127,10.0
0.0423,0.1018,0.1657,0.4408,0.2494,10.0
0.0016,0.0013,0.0034,0.0309,0.9628,10.0
0.1294,0.5314,0.2745,0.0581,0.0066,2.0
0.0116,0.0402,0.183,0.4341,0.3311,10.0
0.0075,0.0305,0.1732,0.5762,0.2126,0.0
0.0014,0.0018,0.0085,0.1642,0.8241,9.0
0.0043,0.0054,0.0123,0.098,0.88,0.0
0.0386,0.0765,0.1265,0.2402,0.5183,10.0
0.0281,0.1946,0.455,0.2926,0.0297,0.0
0.487,0.3495,0.1058,0.0328,0.0249,2.0
0.0012,0.0029,0.0193,0.3582,0.6184,10.0
0.0011,0.0011,0.0023,0.0334,0.962,10.0
0.0012,0.0019,0.0071,0.1057,0.8841,0.0
0.9133,0.056,0.0221,0.0053,0.0033,1.0
0.0059,0.006,0.0098,0.0881,0.8903,10.0
0.0112,0.0995,0.4411,0.4122,0.036,10.0
0.2782,0.3964,0.1673,0.1168,0.0414,1.0
0.0043,0.0054,0.0144,0.0948,0.8811,10.0
0.3802,0.4529,0.1324,0.0252,0.0093,4.0
0.1502,0.2867,0.2462,0.2031,0.1139,10.0
0.0029,0.0052,0.0112,0.0948,0.886,10.0
0.2684,0.4761,0.2039,0.0398,0.0118,0.0
0.1199,0.6652,0.2021,0.0117,0.0011,0.0
0.0023,0.0037,0.013,0.191,0.79,10.0
0.0307,0.2304,0.5083,0.2044,0.0262,10.0
0.0035,0.0035,0.0069,0.0589,0.9271,10.0
0.0286,0.1055,0.2358,0.4363,0.1937,0.0
0.0485,0.1526,0.254,0.3966,0.1483,0.0
0.0048,0.0049,0.0119,0.1154,0.8631,10.0
0.0514,0.2122,0.313,0.3341,0.0893,10.0
0.0015,0.0018,0.0081,0.1373,0.8513,10.0
0.0132,0.0276,0.0767,0.2586,0.6239,10.0
0.0926,0.3726,0.4058,0.112,0.017,7.0
0.2335,0.5988,0.139,0.0233,0.0054,3.0
0.0054,0.0084,0.0221,0.2001,0.764,0.0
0.0331,0.0637,0.1111,0.4315,0.3605,9.0
0.0064,0.0072,0.0122,0.1265,0.8477,10.0
0.0111,0.0573,0.1949,0.5628,0.1739,0.0
0.0039,0.0074,0.0233,0.1889,0.7764,10.0
0.0015,0.0027,0.0222,0.3184,0.6553,10.0
0.2978,0.5103,0.1497,0.0321,0.0102,1.0
0.0276,0.0339,0.0503,0.2586,0.6295,10.0
0.0037,0.0105,0.0355,0.301,0.6493,10.0
0.0081,0.054,0.2775,0.5029,0.1576,10.0
0.0803,0.2384,0.2803,0.302,0.099,10.0
0.9484,0.0485,0.0018,0.0003,0.001,1.0
0.0007,0.0005,0.0028,0.0422,0.9538,0.0
0.0461,0.1806,0.6108,0.1551,0.0074,7.0
0.0021,0.0057,0.0349,0.3628,0.5945,0.0
0.0014,0.0024,0.0066,0.1255,0.8642,0.0
0.0405,0.0744,0.1,0.3218,0.4633,10.0
0.0019,0.0034,0.0069,0.074,0.9137,10.0
0.085,0.2641,0.3287,0.272,0.0502,7.0
0.0029,0.0026,0.003,0.0271,0.9644,10.0
0.5556,0.3937,0.0463,0.0033,0.0011,1.0
0.0308,0.1202,0.334,0.424,0.091,10.0
0.0161,0.113,0.3412,0.4179,0.1118,10.0
0.01,0.0165,0.0309,0.5616,0.3811,0.0
0.0138,0.0134,0.0231,0.1373,0.8125,10.0
0.0031,0.0072,0.0611,0.42,0.5087,10.0
0.0107,0.0187,0.0722,0.3342,0.5643,10.0
0.0108,0.0223,0.0959,0.4404,0.4306,9.0
0.0604,0.3083,0.4074,0.1868,0.0371,10.0
0.0289,0.1347,0.2357,0.4634,0.1373,8.0
0.0866,0.4129,0.4026,0.0872,0.0106,8.0
0.4064,0.4417,0.114,0.0299,0.008,1.0
0.001,0.0009,0.0017,0.0226,0.9738,0.0
0.1162,0.2928,0.3231,0.2178,0.0501,4.0
0.0057,0.0364,0.2299,0.6721,0.0559,9.0
0.057,0.4667,0.4067,0.0659,0.0038,0.0
0.0058,0.0143,0.0843,0.4189,0.4767,10.0
0.0062,0.1018,0.7056,0.1811,0.0053,4.0
0.031,0.0839,0.2522,0.492,0.1408,0.0
0.4564,0.4265,0.0835,0.0249,0.0087,0.0
0.0544,0.4695,0.4254,0.0476,0.0031,5.0
