0,1,2,3,4,5
0.2361,0.1251,0.0913,0.136,0.4116,10.0
0.0011,0.0034,0.0638,0.8134,0.1183,9.0
0.0188,0.1688,0.4795,0.3078,0.0251,0.0
0.0181,0.121,0.2919,0.4515,0.1175,10.0
0.0237,0.0634,0.1767,0.4234,0.3128,10.0
0.003,0.0215,0.1879,0.6783,0.1094,9.0
0.0037,0.0204,0.1881,0.6142,0.1736,10.0
0.055,0.2181,0.3135,0.341,0.0724,10.0
0.0067,0.0389,0.3245,0.5723,0.0576,0.0
0.0339,0.2517,0.3781,0.3134,0.0229,10.0
0.0022,0.006,0.025,0.3457,0.6211,10.0
0.0275,0.0891,0.2038,0.4041,0.2755,10.0
0.0014,0.0046,0.0439,0.5589,0.3912,9.0
0.0008,0.0026,0.0365,0.8704,0.0898,9.0
0.0045,0.0134,0.0377,0.3324,0.612,9.0
0.0017,0.0031,0.014,0.1766,0.8046,10.0
0.0058,0.0383,0.2653,0.5956,0.095,9.0
0.0109,0.0405,0.0606,0.3352,0.5528,10.0
0.0012,0.0022,0.0083,0.1569,0.8314,10.0
0.0015,0.0022,0.0071,0.1173,0.8719,8.0
0.0015,0.0059,0.0487,0.5593,0.3847,10.0
0.001,0.0012,0.0033,0.0356,0.959,10.0
0.0013,0.001,0.0019,0.0266,0.9693,9.0
0.0248,0.0467,0.0747,0.3119,0.542,7.0
0.0067,0.0249,0.1001,0.4429,0.4253,10.0
0.0885,0.259,0.3326,0.2732,0.0467,6.0
0.0103,0.0885,0.3435,0.4867,0.0709,8.0
0.0217,0.1123,0.5297,0.3218,0.0145,7.0
0.044,0.2475,0.386,0.2861,0.0365,10.0
0.0632,0.1173,0.2431,0.2806,0.2958,10.0
0.0293,0.1362,0.3245,0.4158,0.0942,8.0
0.0018,0.0122,0.1482,0.7396,0.0982,9.0
0.0086,0.0188,0.0365,0.4482,0.4879,8.0
0.0011,0.0014,0.0035,0.0526,0.9414,10.0
0.1952,0.3748,0.1747,0.1554,0.0999,10.0
0.0087,0.0417,0.2002,0.5044,0.2449,7.0
0.0715,0.0645,0.0561,0.176,0.6319,10.0
0.0008,0.0145,0.477,0.5003,0.0074,7.0
0.1355,0.2382,0.4075,0.1709,0.0478,9.0
0.0032,0.0228,0.1959,0.6768,0.1013,10.0
0.0105,0.0861,0.2367,0.5177,0.1489,8.0
0.0435,0.0435,0.0346,0.1514,0.7271,9.0
0.0153,0.0879,0.3492,0.4314,0.1163,10.0
0.0021,0.004,0.0172,0.2286,0.7481,10.0
0.0011,0.0096,0.1758,0.7867,0.0267,8.0
0.6102,0.3591,0.0228,0.0046,0.0032,1.0
0.0015,0.0082,0.2152,0.6893,0.0858,10.0
0.0304,0.0179,0.0224,0.0865,0.8427,10.0
0.0097,0.0608,0.311,0.5245,0.094,10.0
0.0014,0.0111,0.1757,0.6763,0.1356,9.0
0.0057,0.1356,0.7199,0.136,0.0028,8.0
0.0034,0.0079,0.0397,0.3323,0.6167,10.0
0.0452,0.6678,0.2787,0.0077,0.0005,5.0
0.0039,0.0684,0.6357,0.2819,0.0101,7.0
0.0019,0.0013,0.0021,0.0109,0.9838,8.0
0.0308,0.1068,0.2525,0.4353,0.1746,9.0
0.1063,0.1522,0.2802,0.2894,0.172,0.0
0.0096,0.012,0.0292,0.2364,0.7128,9.0
0.0096,0.0206,0.062,0.3866,0.5212,10.0
0.0009,0.0007,0.0026,0.0497,0.946,9.0
0.0671,0.3074,0.431,0.1685,0.026,9.0
0.0013,0.0114,0.1316,0.8197,0.0359,8.0
0.0042,0.0252,0.1538,0.611,0.2059,9.0
0.0013,0.0012,0.0028,0.0579,0.9367,0.0
0.0662,0.4562,0.4366,0.0389,0.0021,10.0
0.0025,0.0029,0.0089,0.146,0.8396,9.0
0.0021,0.0098,0.0581,0.6524,0.2776,8.0
0.0147,0.1173,0.6456,0.2169,0.0055,7.0
0.0054,0.0557,0.4966,0.4239,0.0184,10.0
0.0092,0.0238,0.0721,0.3886,0.5062,10.0
0.0083,0.1488,0.6904,0.1486,0.0038,7.0
0.1041,0.3299,0.2424,0.2354,0.0883,6.0
0.0037,0.0099,0.0471,0.424,0.5152,10.0
0.0099,0.0886,0.6125,0.2768,0.0123,7.0
0.0064,0.0537,0.5553,0.3737,0.0109,8.0
0.0014,0.0029,0.015,0.2717,0.7089,10.0
0.0011,0.0034,0.0505,0.5303,0.4148,10.0
0.0075,0.0465,0.26,0.6064,0.0795,9.0
0.0024,0.0045,0.0368,0.3098,0.6465,8.0
0.0118,0.0758,0.2845,0.5356,0.0923,10.0
0.0014,0.0032,0.0138,0.2828,0.6988,9.0
0.0073,0.0116,0.0131,0.8007,0.1673,8.0
0.0326,0.2748,0.4246,0.2194,0.0487,7.0
0.0276,0.3911,0.506,0.0713,0.004,2.0
0.0937,0.1642,0.1805,0.3045,0.257,9.0
0.0034,0.0115,0.0477,0.4547,0.4827,9.0
0.0013,0.0026,0.0122,0.219,0.7649,9.0
0.0618,0.293,0.3605,0.2412,0.0435,10.0
0.0196,0.0594,0.0757,0.3335,0.5118,10.0
0.0009,0.001,0.0105,0.2294,0.7582,10.0
0.0017,0.0044,0.0493,0.47,0.4746,10.0
0.0041,0.0294,0.2539,0.644,0.0686,7.0
0.0023,0.0354,0.5638,0.3903,0.0081,9.0
0.0014,0.0047,0.0966,0.6276,0.2696,8.0
0.0045,0.0163,0.1549,0.7236,0.1007,10.0
0.0023,0.0054,0.0248,0.3868,0.5807,10.0
0.0032,0.0077,0.0238,0.3406,0.6247,9.0
0.0123,0.0063,0.0089,0.0492,0.9232,10.0
0.0019,0.0065,0.0663,0.6751,0.2503,9.0
0.0052,0.018,0.1389,0.8172,0.0208,7.0
0.0526,0.1486,0.2095,0.4067,0.1826,9.0
0.0071,0.052,0.4616,0.4619,0.0175,6.0
0.0855,0.3861,0.3831,0.1296,0.0156,8.0
0.005,0.0412,0.2716,0.5966,0.0855,9.0
0.1577,0.6449,0.1711,0.0235,0.0028,6.0
0.0046,0.0097,0.0435,0.57,0.3722,9.0
0.015,0.0861,0.3465,0.4404,0.112,8.0
0.1114,0.3771,0.3388,0.1402,0.0324,1.0
0.0075,0.0543,0.3588,0.5242,0.0553,8.0
0.001,0.0037,0.0269,0.375,0.5934,7.0
0.0213,0.0711,0.2191,0.4809,0.2076,10.0
0.1937,0.3223,0.2605,0.1628,0.0607,6.0
0.0533,0.1277,0.1622,0.3916,0.2652,10.0
0.0042,0.0184,0.0795,0.5006,0.3973,9.0
0.0295,0.1526,0.2728,0.415,0.1301,9.0
0.0031,0.0142,0.1577,0.6194,0.2056,10.0
0.0085,0.0333,0.095,0.4693,0.3939,9.0
0.4079,0.4625,0.0809,0.0247,0.024,10.0
0.0079,0.053,0.2762,0.5618,0.1011,8.0
0.0027,0.0151,0.1607,0.6158,0.2058,9.0
0.0121,0.0787,0.339,0.5222,0.048,9.0
0.0018,0.004,0.0144,0.2329,0.7469,10.0
0.0009,0.0019,0.0201,0.3288,0.6482,10.0
0.0017,0.0048,0.0269,0.4874,0.4792,10.0
0.0935,0.1466,0.1706,0.2579,0.3315,10.0
0.007,0.0208,0.2254,0.5518,0.195,10.0
0.0585,0.3083,0.459,0.1526,0.0216,3.0
0.5347,0.3602,0.0834,0.0151,0.0066,10.0
0.0068,0.0236,0.1014,0.6111,0.2571,9.0
0.7142,0.2505,0.0266,0.0052,0.0035,1.0
0.0161,0.0656,0.1408,0.4053,0.3723,3.0
0.0284,0.0743,0.1014,0.3799,0.4159,9.0
0.0026,0.0099,0.1239,0.7136,0.15,9.0
0.0154,0.0349,0.0856,0.3556,0.5084,10.0
0.3989,0.4044,0.1719,0.0229,0.0019,1.0
0.0388,0.1697,0.4451,0.302,0.0444,9.0
0.3419,0.3138,0.1564,0.1234,0.0645,4.0
0.1338,0.2525,0.2696,0.2258,0.1183,8.0
0.0032,0.0313,0.3212,0.5808,0.0634,7.0
0.0109,0.0072,0.0095,0.0607,0.9117,10.0
0.1184,0.5059,0.3325,0.0384,0.0048,5.0
0.0111,0.167,0.6833,0.132,0.0066,6.0
0.0012,0.0015,0.0097,0.175,0.8125,10.0
0.0408,0.0647,0.1178,0.3461,0.4306,9.0
0.4054,0.1732,0.1725,0.1187,0.1303,10.0
0.5655,0.3068,0.1029,0.0197,0.0051,8.0
0.0057,0.0206,0.071,0.4697,0.433,10.0
0.1922,0.498,0.2554,0.0477,0.0067,6.0
0.024,0.0641,0.1071,0.7526,0.0521,8.0
0.0012,0.0011,0.0022,0.0349,0.9606,9.0
0.0022,0.0042,0.0166,0.1688,0.8082,10.0
0.0171,0.2262,0.542,0.2068,0.0079,9.0
0.0028,0.0089,0.0404,0.3352,0.6126,10.0
0.0145,0.088,0.2833,0.5167,0.0975,10.0
0.0023,0.0064,0.0374,0.8244,0.1295,8.0
0.0099,0.0211,0.0299,0.2457,0.6933,0.0
0.005,0.0081,0.0303,0.2211,0.7355,10.0
0.0069,0.0057,0.0066,0.0274,0.9534,10.0
0.1545,0.48,0.2174,0.119,0.0291,10.0
0.0167,0.0462,0.0676,0.3645,0.5049,10.0
0.0059,0.0082,0.042,0.2966,0.6473,10.0
0.0051,0.0235,0.0862,0.6289,0.2563,7.0
0.0893,0.283,0.253,0.2646,0.1101,10.0
0.0915,0.2873,0.2974,0.2542,0.0696,6.0
0.0015,0.0017,0.0232,0.4564,0.5172,8.0
0.0078,0.0901,0.672,0.2247,0.0055,7.0
0.0008,0.0011,0.0074,0.1392,0.8516,10.0
0.0209,0.059,0.1819,0.5138,0.2244,10.0
0.0006,0.0019,0.0508,0.6625,0.2842,8.0
0.0962,0.3194,0.2977,0.2077,0.0791,10.0
0.0064,0.0233,0.083,0.5045,0.3828,10.0
0.1242,0.1791,0.2199,0.2564,0.2204,9.0
0.0021,0.002,0.0156,0.1781,0.8022,9.0
0.0151,0.087,0.5237,0.3335,0.0407,10.0
0.065,0.161,0.228,0.3609,0.1851,10.0
0.0023,0.028,0.2848,0.6309,0.054,8.0
0.0009,0.0008,0.0048,0.1534,0.8401,10.0
0.0258,0.068,0.1898,0.5243,0.192,10.0
0.0238,0.0492,0.1331,0.468,0.3259,9.0
0.0322,0.2189,0.3792,0.3111,0.0586,10.0
0.0382,0.4207,0.5093,0.0298,0.002,6.0
0.0022,0.0034,0.0099,0.0905,0.8939,10.0
0.0066,0.0468,0.2358,0.5496,0.1613,8.0
0.0109,0.0544,0.1827,0.4881,0.264,10.0
0.0012,0.0014,0.0089,0.139,0.8494,10.0
0.2034,0.6909,0.0998,0.0049,0.001,6.0
0.0115,0.0787,0.4049,0.4667,0.0382,10.0
0.0064,0.009,0.0108,0.0684,0.9055,9.0
0.0046,0.0104,0.0417,0.2533,0.69,9.0
0.0044,0.0042,0.0095,0.1017,0.8803,10.0
0.0008,0.0019,0.0366,0.6249,0.3358,7.0
0.0012,0.0074,0.1376,0.679,0.1749,9.0
0.0017,0.0017,0.0094,0.1929,0.7943,9.0
0.0044,0.0044,0.0081,0.0638,0.9193,10.0
0.0052,0.0034,0.0053,0.0141,0.9721,10.0
0.0037,0.004,0.0174,0.1701,0.8049,10.0
0.0053,0.0044,0.0097,0.0846,0.8961,10.0
0.0143,0.02,0.0331,0.1829,0.7497,10.0
0.0493,0.1228,0.247,0.4272,0.1537,10.0
0.1086,0.3022,0.3884,0.1576,0.0432,9.0
0.048,0.0507,0.0552,0.1905,0.6557,10.0
0.0054,0.0117,0.0301,0.2911,0.6617,9.0
0.0151,0.022,0.1031,0.3891,0.4707,10.0
0.0025,0.0066,0.0308,0.4373,0.5227,9.0
0.01,0.0692,0.3999,0.478,0.0428,10.0
0.007,0.0183,0.1052,0.4226,0.4469,10.0
0.0984,0.3693,0.3756,0.1412,0.0156,6.0
0.0054,0.0105,0.0418,0.3622,0.5802,10.0
0.0219,0.1821,0.4346,0.3215,0.0398,10.0
0.0027,0.0032,0.0191,0.1768,0.7981,10.0
0.2605,0.5357,0.1842,0.0167,0.0029,6.0
0.0097,0.0522,0.3552,0.5022,0.0807,9.0
0.0085,0.0463,0.2294,0.5114,0.2044,6.0
0.0307,0.0751,0.1295,0.4333,0.3314,10.0
0.0182,0.1102,0.5821,0.2516,0.0379,0.0
0.0024,0.0368,0.6477,0.3079,0.0052,7.0
0.0013,0.002,0.0125,0.1656,0.8186,9.0
0.0513,0.7151,0.2086,0.024,0.001,8.0
0.2273,0.4855,0.2394,0.0421,0.0056,3.0
0.0012,0.0011,0.002,0.0205,0.9753,10.0
0.0182,0.081,0.4687,0.3728,0.0594,9.0
0.0315,0.0459,0.0655,0.2892,0.568,10.0
0.0206,0.1216,0.4354,0.3851,0.0373,10.0
0.0048,0.0223,0.0893,0.5828,0.3008,10.0
0.0222,0.0183,0.0231,0.0735,0.8628,9.0
0.0099,0.1643,0.5864,0.2274,0.012,9.0
0.0358,0.1935,0.3959,0.3225,0.0522,10.0
0.0019,0.0038,0.0189,0.2689,0.7065,9.0
0.002,0.0026,0.0167,0.2031,0.7755,10.0
0.1148,0.5774,0.2557,0.0461,0.006,4.0
0.0074,0.0784,0.4712,0.4141,0.0289,9.0
0.5584,0.4073,0.0328,0.0012,0.0003,1.0
0.0033,0.0043,0.0169,0.1742,0.8012,10.0
0.0664,0.1674,0.475,0.2231,0.0682,10.0
0.0013,0.0018,0.0095,0.1345,0.8528,9.0
0.3538,0.5633,0.0776,0.0044,0.0009,4.0
0.2252,0.5394,0.2043,0.0248,0.0063,1.0
0.0134,0.0169,0.0284,0.1461,0.7952,10.0
0.0217,0.0223,0.0607,0.2818,0.6135,10.0
0.001,0.0008,0.0025,0.0314,0.9643,10.0
0.0468,0.0713,0.0919,0.7324,0.0575,8.0
0.0543,0.0635,0.1081,0.2801,0.494,9.0
0.0009,0.001,0.0039,0.0786,0.9157,10.0
0.0009,0.0016,0.0099,0.2617,0.7259,9.0
0.0022,0.0032,0.0349,0.3714,0.5884,10.0
0.0042,0.0037,0.0069,0.072,0.9132,10.0
0.002,0.0016,0.0148,0.1234,0.8582,10.0
0.0511,0.2799,0.5681,0.0936,0.0073,4.0
0.0009,0.001,0.0047,0.1257,0.8677,10.0
0.0047,0.0376,0.2034,0.5663,0.188,10.0
0.0096,0.0421,0.1864,0.6098,0.1521,9.0
0.3075,0.6228,0.0659,0.003,0.0009,5.0
0.0012,0.002,0.0263,0.3232,0.6472,9.0
0.0039,0.0078,0.0646,0.5443,0.3795,8.0
0.0012,0.0016,0.0121,0.2618,0.7232,8.0
0.0028,0.0235,0.2036,0.6892,0.081,10.0
0.0009,0.001,0.0029,0.0517,0.9434,10.0
0.0063,0.0235,0.281,0.5582,0.131,8.0
0.2083,0.2236,0.2463,0.2047,0.117,1.0
0.3436,0.3178,0.1821,0.0999,0.0566,10.0
0.0053,0.0067,0.013,0.0884,0.8866,10.0
0.0084,0.0108,0.0237,0.1311,0.826,10.0
0.0293,0.0657,0.1294,0.4096,0.3661,9.0
0.0031,0.0037,0.0095,0.1153,0.8685,10.0
0.4482,0.4395,0.1038,0.0063,0.0022,4.0
0.0019,0.0065,0.0663,0.6751,0.2503,8.0
0.0055,0.0144,0.1112,0.5697,0.2991,4.0
0.0039,0.0097,0.0633,0.2125,0.7107,9.0
0.0006,0.0007,0.0038,0.0949,0.8999,10.0
0.0041,0.0116,0.0864,0.6767,0.2212,8.0
0.0302,0.1164,0.2423,0.4478,0.1632,9.0
0.1852,0.3002,0.3025,0.1611,0.051,10.0
0.0038,0.0366,0.2419,0.5958,0.1219,9.0
0.0016,0.0022,0.0075,0.1432,0.8455,0.0
0.003,0.003,0.0045,0.0474,0.9421,9.0
0.0089,0.0093,0.0273,0.0966,0.8579,9.0
0.035,0.1435,0.2206,0.3231,0.2777,10.0
0.0046,0.0075,0.0216,0.2409,0.7253,7.0
0.0011,0.0017,0.0056,0.0926,0.899,10.0
0.0011,0.0014,0.0064,0.0942,0.8969,8.0
0.0016,0.0157,0.187,0.7467,0.049,7.0
0.0089,0.0255,0.0773,0.3683,0.52,10.0
0.0011,0.0013,0.0144,0.2578,0.7255,10.0
0.0351,0.1769,0.593,0.1738,0.0211,0.0
0.0071,0.0257,0.0793,0.4532,0.4347,10.0
0.0028,0.0066,0.0774,0.7607,0.1525,7.0
0.0161,0.131,0.3414,0.4268,0.0847,10.0
0.0029,0.0531,0.6015,0.3381,0.0044,6.0
0.0018,0.0078,0.0787,0.6032,0.3085,10.0
0.3342,0.3932,0.1549,0.0711,0.0466,6.0
0.0023,0.0037,0.0085,0.1275,0.858,10.0
0.0292,0.0257,0.035,0.1405,0.7696,10.0
0.0008,0.0005,0.0013,0.0188,0.9785,10.0
0.0017,0.0015,0.0123,0.1557,0.8289,10.0
0.0135,0.0874,0.5354,0.3393,0.0244,10.0
0.0117,0.0369,0.197,0.4391,0.3154,9.0
0.0507,0.2695,0.3962,0.2361,0.0474,8.0
0.006,0.0069,0.0409,0.2292,0.7169,10.0
0.0137,0.0239,0.0325,0.2054,0.7245,9.0
0.0063,0.0227,0.077,0.5251,0.3688,8.0
0.0007,0.0025,0.0457,0.852,0.0991,9.0
0.7162,0.2196,0.0534,0.0072,0.0035,9.0
0.0011,0.0009,0.0028,0.0257,0.9696,10.0
0.0013,0.0013,0.005,0.0553,0.9372,10.0
0.0032,0.0173,0.1501,0.6511,0.1783,10.0
0.0902,0.5517,0.3327,0.0237,0.0017,5.0
0.0022,0.0024,0.0049,0.0527,0.9378,10.0
0.0031,0.0056,0.0278,0.3051,0.6585,10.0
0.001,0.0022,0.0267,0.4572,0.513,2.0
0.0129,0.1986,0.5777,0.2022,0.0086,0.0
0.0013,0.0022,0.0071,0.0965,0.8928,10.0
0.0015,0.0074,0.1037,0.6446,0.2428,8.0
0.0017,0.0014,0.0051,0.1005,0.8914,10.0
0.0056,0.035,0.1866,0.6316,0.1413,10.0
0.0213,0.0658,0.2039,0.5528,0.1562,10.0
0.0488,0.3006,0.3652,0.2322,0.0532,10.0
0.0008,0.0009,0.0056,0.1129,0.8799,9.0
0.0034,0.0032,0.0138,0.1264,0.8533,8.0
0.0149,0.0764,0.4073,0.4247,0.0767,9.0
0.0062,0.0098,0.0189,0.1797,0.7854,10.0
0.007,0.0406,0.3171,0.5579,0.0774,9.0
0.001,0.0015,0.0086,0.1518,0.8371,10.0
0.0029,0.0114,0.0462,0.4787,0.4609,9.0
0.3838,0.5477,0.0594,0.0072,0.002,3.0
0.0037,0.0103,0.0774,0.6283,0.2803,10.0
0.003,0.006,0.0114,0.2046,0.775,9.0
0.1934,0.5968,0.1911,0.0161,0.0026,2.0
0.1786,0.2163,0.2376,0.177,0.1905,10.0
0.0083,0.0456,0.2076,0.5909,0.1475,10.0
0.1872,0.3019,0.3723,0.1093,0.0293,9.0
0.0037,0.0263,0.2546,0.5988,0.1167,9.0
0.0153,0.0128,0.0107,0.0541,0.9071,10.0
0.0013,0.0028,0.0223,0.339,0.6346,8.0
0.0019,0.0027,0.0099,0.1582,0.8273,10.0
0.0041,0.0197,0.186,0.6267,0.1636,7.0
0.0041,0.005,0.0231,0.1649,0.803,10.0
0.0022,0.0092,0.1107,0.6398,0.2381,7.0
0.1505,0.0804,0.0723,0.1214,0.5755,9.0
0.0177,0.2191,0.6655,0.0942,0.0034,7.0
0.1605,0.5589,0.2582,0.0185,0.0038,6.0
0.0016,0.0022,0.0214,0.3307,0.6441,9.0
0.0748,0.1189,0.2404,0.3403,0.2255,7.0
0.0021,0.0027,0.006,0.1008,0.8884,9.0
0.101,0.4538,0.3287,0.095,0.0216,8.0
0.0345,0.1238,0.3195,0.4326,0.0897,9.0
0.0028,0.0084,0.12,0.6552,0.2135,9.0
0.0008,0.001,0.0019,0.0415,0.9548,10.0
0.1987,0.307,0.2145,0.1402,0.1396,9.0
0.0017,0.0051,0.0842,0.5627,0.3463,9.0
0.0018,0.0221,0.3526,0.6105,0.0129,9.0
0.0118,0.0161,0.0531,0.2721,0.647,10.0
0.0041,0.0064,0.0153,0.1618,0.8125,10.0
0.0089,0.024,0.1011,0.4492,0.4168,10.0
0.0031,0.0118,0.0619,0.5733,0.3499,10.0
0.1016,0.479,0.3521,0.0593,0.008,9.0
0.0026,0.0072,0.0451,0.811,0.134,9.0
0.0036,0.003,0.0161,0.1607,0.8167,9.0
0.0073,0.023,0.0677,0.3689,0.5331,10.0
0.1578,0.405,0.269,0.1167,0.0514,9.0
0.1559,0.2962,0.3902,0.1111,0.0466,5.0
0.0059,0.0085,0.0453,0.2667,0.6736,9.0
0.0031,0.0039,0.0146,0.0901,0.8884,9.0
0.0708,0.2414,0.3504,0.2726,0.0648,9.0
0.0089,0.0457,0.2072,0.5698,0.1683,10.0
0.066,0.2006,0.3357,0.2707,0.127,9.0
0.089,0.4625,0.3671,0.0722,0.0093,9.0
0.0013,0.0015,0.0067,0.106,0.8846,9.0
0.0037,0.0263,0.2546,0.5988,0.1167,9.0
0.0008,0.0008,0.0022,0.0339,0.9623,10.0
0.0029,0.0133,0.0953,0.6705,0.218,9.0
0.0011,0.001,0.0034,0.0724,0.9221,9.0
0.1043,0.343,0.3255,0.1824,0.0449,8.0
0.0007,0.0027,0.0402,0.5791,0.3774,9.0
0.4629,0.2694,0.0957,0.0887,0.0834,9.0
0.0324,0.0878,0.1755,0.4238,0.2805,6.0
0.001,0.0021,0.0251,0.365,0.6068,9.0
0.0227,0.0557,0.1399,0.4723,0.3094,8.0
0.0016,0.0019,0.021,0.2774,0.6981,9.0
0.0581,0.1316,0.2176,0.3416,0.251,8.0
0.0011,0.0038,0.0527,0.5273,0.4151,7.0
0.0019,0.0014,0.0023,0.0175,0.9768,8.0
0.001,0.0022,0.0358,0.5158,0.4452,10.0
0.011,0.0873,0.3306,0.524,0.0471,10.0
0.0032,0.0043,0.0323,0.3197,0.6406,8.0
0.5705,0.3501,0.0419,0.0186,0.0189,9.0
0.0037,0.0263,0.2546,0.5988,0.1167,9.0
0.0623,0.0501,0.0632,0.2219,0.6026,9.0
0.1822,0.3453,0.2544,0.1587,0.0594,10.0
0.0264,0.0942,0.2575,0.4889,0.1331,8.0
0.005,0.0342,0.2086,0.6342,0.118,9.0
0.5705,0.3501,0.0419,0.0186,0.0189,8.0
0.0011,0.0024,0.0177,0.3364,0.6425,10.0
0.5499,0.3598,0.0711,0.0119,0.0073,10.0
0.0013,0.0028,0.02,0.2862,0.6897,9.0
0.0364,0.0866,0.1231,0.3378,0.4161,10.0
0.0159,0.0426,0.2418,0.4517,0.248,8.0
0.1904,0.626,0.1647,0.0164,0.0025,5.0
0.0019,0.0018,0.0095,0.111,0.8758,9.0
0.007,0.0103,0.0208,0.2442,0.7178,9.0
0.1173,0.3215,0.2695,0.2293,0.0624,8.0
0.0118,0.0223,0.1056,0.3728,0.4875,10.0
0.3672,0.2791,0.1429,0.1307,0.0801,9.0
0.4937,0.2307,0.1462,0.0673,0.0622,9.0
0.0041,0.025,0.2226,0.5576,0.1907,6.0
0.1366,0.221,0.2934,0.2212,0.1278,8.0
0.0134,0.0583,0.1722,0.4759,0.2802,9.0
0.0262,0.1245,0.3668,0.3898,0.0927,9.0
0.1872,0.504,0.2678,0.0301,0.0109,6.0
0.0251,0.0786,0.1623,0.4191,0.3149,8.0
0.2314,0.139,0.1598,0.156,0.314,9.0
0.0029,0.0044,0.0367,0.3755,0.5805,8.0
0.359,0.3253,0.0781,0.0888,0.1487,9.0
0.0015,0.0027,0.0285,0.3998,0.5674,10.0
0.1141,0.1246,0.1216,0.176,0.4637,9.0
0.3777,0.408,0.1348,0.0586,0.021,1.0
0.0261,0.1847,0.3999,0.328,0.0613,8.0
0.0078,0.0157,0.1399,0.5595,0.277,10.0
0.0015,0.0015,0.0121,0.1859,0.7989,9.0
0.0034,0.0147,0.1545,0.585,0.2422,8.0
0.0017,0.0026,0.0119,0.1718,0.812,10.0
0.0088,0.0394,0.1032,0.4425,0.4062,9.0
0.0454,0.1045,0.2251,0.3831,0.242,9.0
0.0118,0.0602,0.2201,0.5508,0.1571,8.0
0.0076,0.0271,0.0816,0.3883,0.4954,9.0
0.0409,0.1087,0.2571,0.346,0.2473,10.0
0.0122,0.0654,0.3866,0.4626,0.0732,8.0
0.0083,0.117,0.6045,0.2636,0.0066,6.0
0.0009,0.0049,0.0484,0.5704,0.3754,8.0
0.359,0.3253,0.0781,0.0888,0.1487,10.0
0.0019,0.0014,0.0022,0.0147,0.9797,10.0
0.0032,0.0185,0.2584,0.608,0.112,9.0
0.08,0.0839,0.0821,0.2354,0.5185,10.0
0.8722,0.12,0.007,0.0004,0.0004,1.0
0.0017,0.0053,0.0302,0.475,0.4878,9.0
0.0798,0.1283,0.1673,0.3265,0.2982,8.0
0.3199,0.4511,0.1728,0.0421,0.014,8.0
0.0711,0.2321,0.2977,0.3128,0.0863,8.0
0.0083,0.0242,0.0637,0.3902,0.5135,8.0
0.0169,0.0862,0.26,0.4622,0.1747,10.0
0.1502,0.1459,0.2153,0.2946,0.194,10.0
0.0018,0.0047,0.0339,0.3698,0.5898,9.0
0.0186,0.1246,0.3439,0.452,0.0609,9.0
0.0011,0.0014,0.0056,0.1166,0.8754,10.0
0.0016,0.0017,0.0079,0.0912,0.8976,0.0
0.019,0.0414,0.193,0.5439,0.2027,10.0
0.2105,0.2074,0.1863,0.1934,0.2024,10.0
0.0042,0.0216,0.2099,0.5754,0.1889,9.0
0.0032,0.0173,0.2793,0.58,0.1202,8.0
0.0042,0.028,0.2795,0.6454,0.043,8.0
0.0007,0.0019,0.0237,0.582,0.3918,8.0
0.0433,0.0761,0.0962,0.2641,0.5202,9.0
0.003,0.0212,0.2587,0.6129,0.1042,9.0
0.3935,0.3455,0.0772,0.0763,0.1075,9.0
0.1486,0.261,0.2007,0.2749,0.1148,8.0
0.5856,0.2466,0.0615,0.0454,0.0608,9.0
0.1354,0.0963,0.1111,0.2245,0.4327,9.0
0.0013,0.0015,0.0111,0.1794,0.8067,8.0
0.0461,0.0096,0.0038,0.0059,0.9347,9.0
0.0103,0.0233,0.0653,0.3846,0.5164,10.0
0.0019,0.0037,0.0236,0.2365,0.7343,10.0
0.0192,0.0509,0.1118,0.3428,0.4754,9.0
0.7378,0.2514,0.0091,0.001,0.0007,5.0
0.001,0.001,0.0117,0.2747,0.7116,9.0
0.0017,0.0017,0.0055,0.9496,0.0416,9.0
0.2517,0.4964,0.189,0.0434,0.0195,8.0
0.0016,0.0033,0.0153,0.2205,0.7594,10.0
0.0397,0.1132,0.2043,0.415,0.2278,10.0
0.0009,0.0011,0.0061,0.1231,0.8688,10.0
0.0008,0.0009,0.0022,0.036,0.9601,10.0
0.0058,0.0132,0.0299,0.3029,0.6482,10.0
0.0031,0.0077,0.0622,0.5211,0.4058,9.0
0.1911,0.1313,0.1106,0.2289,0.3382,9.0
0.0133,0.0752,0.2891,0.5296,0.0928,8.0
0.0435,0.0881,0.2581,0.369,0.2413,8.0
0.1859,0.3616,0.3193,0.1043,0.0289,6.0
0.0016,0.0036,0.0402,0.3425,0.6121,10.0
0.0143,0.0638,0.5142,0.3771,0.0307,7.0
0.0065,0.0455,0.3258,0.5365,0.0857,9.0
0.005,0.0213,0.1133,0.696,0.1644,10.0
0.0026,0.0036,0.0175,0.1398,0.8366,9.0
0.0078,0.0098,0.0237,0.1991,0.7596,10.0
0.0032,0.0259,0.2046,0.6536,0.1127,7.0
0.0725,0.1894,0.2688,0.2496,0.2197,0.0
0.0013,0.0015,0.0137,0.1938,0.7897,10.0
0.0137,0.0164,0.0473,0.2699,0.6527,9.0
0.0473,0.1492,0.2226,0.4015,0.1794,10.0
0.7614,0.2162,0.0194,0.0018,0.0012,6.0
0.005,0.0065,0.0137,0.9644,0.0105,8.0
0.0008,0.0006,0.0011,0.0169,0.9806,9.0
0.0031,0.0042,0.0286,0.2208,0.7434,9.0
0.0009,0.0009,0.003,0.0419,0.9533,10.0
0.0041,0.0099,0.1902,0.6543,0.1416,8.0
0.0017,0.0037,0.0105,0.2225,0.7616,9.0
0.0063,0.0081,0.0087,0.7352,0.2417,8.0
0.1386,0.2736,0.366,0.1672,0.0545,9.0
0.2215,0.6309,0.1222,0.0208,0.0046,6.0
0.0118,0.0931,0.3727,0.491,0.0313,8.0
0.0018,0.0072,0.0767,0.6086,0.3058,10.0
0.0265,0.0426,0.103,0.2548,0.5731,8.0
0.0046,0.0194,0.0816,0.5813,0.3131,9.0
0.0608,0.3888,0.4932,0.0537,0.0034,6.0
0.0031,0.0061,0.0274,0.278,0.6855,10.0
0.0071,0.0307,0.219,0.5867,0.1564,9.0
0.6422,0.1875,0.0587,0.0412,0.0705,9.0
0.0031,0.0037,0.0116,0.0933,0.8884,8.0
0.0051,0.0085,0.0547,0.316,0.6157,10.0
0.0364,0.0866,0.1231,0.3378,0.4161,10.0
0.0023,0.0049,0.0275,0.3569,0.6085,9.0
0.2621,0.6015,0.132,0.0039,0.0005,9.0
0.0418,0.4281,0.4286,0.0954,0.0061,8.0
0.4174,0.4711,0.0722,0.0252,0.014,1.0
0.0084,0.0108,0.0237,0.1311,0.826,7.0
0.018,0.1977,0.721,0.0614,0.0019,7.0
0.006,0.017,0.0566,0.3787,0.5416,10.0
0.0145,0.0214,0.0449,0.2563,0.6628,9.0
0.0014,0.0017,0.0045,0.0644,0.928,10.0
0.0073,0.0203,0.1575,0.5539,0.261,7.0
0.0205,0.0282,0.0666,0.3719,0.5128,10.0
0.0443,0.1582,0.4143,0.2793,0.1038,10.0
0.0034,0.0046,0.0369,0.3131,0.6419,9.0
0.0018,0.0032,0.0277,0.3478,0.6195,10.0
0.7382,0.2299,0.0254,0.0031,0.0034,1.0
0.027,0.1585,0.2187,0.4443,0.1515,9.0
0.0025,0.004,0.0182,0.2625,0.7129,10.0
0.0043,0.0047,0.0208,0.2122,0.758,10.0
0.0024,0.0157,0.2115,0.7455,0.0249,7.0
0.0019,0.0026,0.0059,0.0853,0.9043,10.0
0.0008,0.0012,0.0068,0.1729,0.8184,10.0
0.0009,0.0016,0.012,0.1992,0.7862,10.0
0.0155,0.0968,0.2721,0.5179,0.0976,9.0
0.0032,0.0049,0.0708,0.4741,0.4471,10.0
0.4298,0.4755,0.0803,0.011,0.0034,3.0
0.0023,0.0018,0.0082,0.0547,0.933,10.0
0.0013,0.0016,0.0267,0.3299,0.6405,9.0
0.0013,0.0031,0.0668,0.6141,0.3147,8.0
0.0025,0.0032,0.0066,0.0752,0.9126,10.0
0.0042,0.0049,0.0321,0.2902,0.6686,9.0
0.0105,0.065,0.2516,0.4994,0.1734,10.0
0.0064,0.0154,0.2,0.5572,0.2211,7.0
0.2182,0.5508,0.2227,0.0075,0.0008,5.0
0.1024,0.404,0.4125,0.0752,0.0059,7.0
0.0052,0.005,0.0153,0.1671,0.8075,10.0
0.0058,0.0153,0.1266,0.5443,0.308,10.0
0.0069,0.0166,0.0349,0.3083,0.6333,0.0
0.0013,0.0015,0.007,0.0897,0.9005,9.0
0.0005,0.0007,0.0044,0.1578,0.8366,10.0
0.0016,0.005,0.1224,0.7563,0.1147,6.0
0.113,0.2131,0.2534,0.2272,0.1932,10.0
0.2564,0.6715,0.0699,0.002,0.0003,7.0
0.017,0.0481,0.1484,0.4864,0.3001,9.0
0.0029,0.0144,0.1691,0.6704,0.1433,10.0
0.001,0.0019,0.0137,0.2269,0.7565,10.0
0.0068,0.0537,0.2395,0.6014,0.0986,9.0
0.0436,0.0595,0.1756,0.3758,0.3455,9.0
0.0009,0.0009,0.002,0.0367,0.9595,9.0
0.0025,0.0158,0.1335,0.6575,0.1906,9.0
0.0009,0.0009,0.0046,0.082,0.9116,10.0
0.0007,0.0005,0.0014,0.0194,0.978,10.0
0.001,0.0191,0.828,0.1499,0.002,7.0
0.0116,0.0146,0.0218,0.1402,0.8118,8.0
0.0027,0.0062,0.0322,0.3456,0.6134,10.0
0.0296,0.0356,0.0451,0.233,0.6567,10.0
0.0011,0.0054,0.0406,0.4301,0.523,9.0
0.0008,0.001,0.0067,0.1895,0.802,10.0
0.1563,0.1669,0.2265,0.2247,0.2255,10.0
0.0253,0.0839,0.2207,0.4069,0.2631,10.0
0.0007,0.0013,0.0125,0.3864,0.599,10.0
0.0367,0.4083,0.5291,0.0248,0.0012,5.0
0.7826,0.0758,0.0209,0.012,0.1086,9.0
0.1542,0.4855,0.2371,0.0945,0.0286,4.0
0.0015,0.0015,0.0041,0.0418,0.9511,10.0
0.2493,0.6437,0.0953,0.0097,0.002,3.0
0.0767,0.0761,0.1308,0.236,0.4805,8.0
0.0016,0.0015,0.0068,0.105,0.8851,10.0
0.0893,0.1517,0.2284,0.3588,0.1718,10.0
0.141,0.31,0.1959,0.1817,0.1714,8.0
0.0036,0.0097,0.0956,0.5686,0.3226,9.0
0.003,0.0034,0.0218,0.2876,0.6842,10.0
0.1204,0.5018,0.2629,0.0951,0.0197,8.0
0.0028,0.0015,0.0064,0.0826,0.9067,0.0
0.0036,0.0131,0.1783,0.5949,0.2102,9.0
0.0758,0.094,0.2095,0.2964,0.3243,10.0
0.0049,0.0177,0.041,0.2862,0.6502,10.0
0.0023,0.0029,0.008,0.1138,0.8728,10.0
0.005,0.0242,0.1422,0.5301,0.2985,10.0
0.0009,0.0009,0.0066,0.1188,0.8728,10.0
0.0427,0.1324,0.3124,0.4036,0.1089,10.0
0.0017,0.0038,0.0367,0.4055,0.5524,9.0
0.0017,0.0066,0.065,0.6793,0.2474,8.0
0.0008,0.0007,0.0025,0.0406,0.9553,10.0
0.0061,0.0177,0.1872,0.6219,0.1671,9.0
0.0023,0.0021,0.0077,0.1336,0.8542,9.0
0.002,0.002,0.0042,0.0862,0.9057,9.0
0.007,0.0066,0.0117,0.0619,0.9128,10.0
0.0006,0.0004,0.001,0.0132,0.9847,10.0
0.1416,0.2298,0.3372,0.2065,0.0849,10.0
0.0006,0.0006,0.0014,0.0275,0.9699,9.0
0.0006,0.0006,0.0016,0.0354,0.9619,0.0
0.0545,0.1843,0.2787,0.3802,0.1022,10.0
0.0022,0.0022,0.018,0.173,0.8046,9.0
0.0041,0.0043,0.0187,0.1601,0.8128,9.0
0.081,0.2768,0.3294,0.2676,0.0452,7.0
0.0012,0.0014,0.005,0.0865,0.9058,9.0
0.001,0.0009,0.0082,0.1984,0.7915,10.0
0.0107,0.0326,0.0927,0.4108,0.4532,8.0
0.0012,0.0017,0.0163,0.1347,0.846,10.0
0.0011,0.0029,0.0416,0.4933,0.4611,9.0
0.0026,0.0085,0.0446,0.5089,0.4354,8.0
0.0018,0.002,0.0223,0.3432,0.6306,9.0
0.225,0.5117,0.2251,0.034,0.0043,6.0
0.0008,0.0009,0.0073,0.1422,0.8487,0.0
0.0102,0.0419,0.1262,0.8149,0.0068,8.0
0.0025,0.0034,0.0103,0.0945,0.8892,9.0
0.091,0.1594,0.3085,0.2945,0.1465,8.0
0.0038,0.0103,0.0537,0.5827,0.3496,9.0
0.0027,0.0027,0.0103,0.0932,0.891,9.0
0.1358,0.1481,0.2142,0.257,0.2448,10.0
0.0038,0.0122,0.0329,0.9015,0.0497,8.0
0.259,0.4965,0.1776,0.0458,0.0211,6.0
0.0008,0.0011,0.0136,0.3744,0.6101,10.0
0.0757,0.097,0.2063,0.2659,0.3552,9.0
0.0006,0.0009,0.0032,0.0729,0.9224,10.0
0.0009,0.001,0.003,0.0555,0.9396,9.0
0.0955,0.5514,0.33,0.0216,0.0014,5.0
0.7189,0.2617,0.0181,0.0009,0.0004,2.0
0.0065,0.0154,0.0366,0.3687,0.5729,8.0
0.0018,0.002,0.0081,0.1634,0.8248,8.0
0.004,0.0028,0.0054,0.0404,0.9474,9.0
0.0097,0.011,0.0278,0.1292,0.8223,9.0
0.0883,0.197,0.3127,0.288,0.114,10.0
0.0141,0.0315,0.0721,0.345,0.5373,10.0
0.011,0.0075,0.0127,0.0803,0.8884,10.0
0.001,0.0011,0.0038,0.0698,0.9242,10.0
0.0332,0.0744,0.1833,0.4404,0.2688,9.0
0.0143,0.0218,0.0282,0.7051,0.2305,0.0
0.0035,0.0066,0.0274,0.3701,0.5923,0.0
0.0028,0.0059,0.0903,0.4888,0.4121,8.0
0.0029,0.0038,0.0286,0.3466,0.6181,10.0
0.003,0.0043,0.0149,0.1303,0.8476,9.0
0.2145,0.2927,0.3215,0.1324,0.0388,8.0
0.0152,0.0862,0.2489,0.4708,0.179,10.0
0.0018,0.0045,0.0232,0.2844,0.6861,10.0
0.0023,0.0266,0.2567,0.6911,0.0233,8.0
0.0455,0.1825,0.284,0.3405,0.1475,8.0
0.0021,0.0022,0.0043,0.0599,0.9315,9.0
0.0137,0.0145,0.0396,0.2108,0.7215,9.0
0.0014,0.0036,0.0232,0.3732,0.5985,0.0
0.0012,0.0016,0.0081,0.1088,0.8802,10.0
0.1065,0.1424,0.1821,0.205,0.364,9.0
0.001,0.0008,0.0039,0.1105,0.8838,9.0
0.0382,0.2977,0.4688,0.1794,0.0158,5.0
0.0007,0.0006,0.0025,0.0538,0.9425,9.0
0.1195,0.2136,0.2258,0.2556,0.1855,9.0
0.0014,0.0036,0.0232,0.3732,0.5985,0.0
0.0015,0.0043,0.0157,0.2855,0.6929,9.0
0.0009,0.0007,0.0023,0.0334,0.9627,10.0
0.0021,0.0062,0.0372,0.4752,0.4792,10.0
0.0058,0.0068,0.0136,0.1382,0.8357,10.0
0.0014,0.0036,0.0232,0.3732,0.5985,0.0
0.0014,0.0036,0.0232,0.3732,0.5985,0.0
0.002,0.0038,0.0164,0.2319,0.746,0.0
0.0029,0.0096,0.0703,0.5655,0.3517,10.0
0.1346,0.4738,0.2712,0.1012,0.0191,6.0
0.0009,0.0035,0.0522,0.5982,0.3453,9.0
0.0276,0.0558,0.0834,0.285,0.5482,10.0
0.0034,0.0104,0.0597,0.4645,0.4621,10.0
0.0105,0.0396,0.2037,0.4873,0.2589,10.0
0.1394,0.1728,0.1337,0.2056,0.3485,10.0
0.0017,0.0017,0.0075,0.118,0.871,10.0
0.0008,0.0009,0.0021,0.0365,0.9597,10.0
0.0021,0.0037,0.0176,0.2597,0.7168,10.0
0.0031,0.0057,0.0523,0.3537,0.5852,9.0
0.0294,0.1705,0.4949,0.2789,0.0263,10.0
0.0009,0.0047,0.0689,0.7741,0.1514,9.0
0.0205,0.0525,0.0447,0.7883,0.094,8.0
0.0153,0.1234,0.4481,0.3663,0.0469,9.0
0.0044,0.0087,0.0343,0.3081,0.6444,9.0
0.0278,0.0425,0.0589,0.2449,0.6259,10.0
0.0007,0.0009,0.0054,0.1478,0.8452,10.0
0.0007,0.0008,0.0025,0.0475,0.9485,9.0
0.0026,0.0034,0.0167,0.186,0.7913,10.0
0.048,0.1624,0.4111,0.3167,0.0619,9.0
0.0027,0.0031,0.0067,0.0426,0.9449,0.0
0.0447,0.0808,0.1487,0.3404,0.3854,10.0
0.006,0.0182,0.1221,0.6102,0.2435,10.0
0.0221,0.2988,0.5232,0.15,0.0058,7.0
0.0074,0.0234,0.0669,0.4999,0.4024,10.0
0.0004,0.0008,0.0097,0.4012,0.5879,10.0
0.0333,0.017,0.0157,0.0627,0.8713,10.0
0.0134,0.1698,0.5399,0.2634,0.0135,10.0
0.0189,0.1348,0.2905,0.4766,0.0792,9.0
0.0038,0.0038,0.0077,0.0557,0.9289,10.0
0.0043,0.0082,0.0205,0.2914,0.6755,10.0
0.0164,0.0383,0.0962,0.3398,0.5093,8.0
0.0124,0.1218,0.4648,0.3739,0.0271,9.0
0.0089,0.0658,0.3288,0.5215,0.0749,9.0
0.0008,0.0016,0.0133,0.3735,0.6108,9.0
0.7732,0.1801,0.0305,0.011,0.0052,10.0
0.0037,0.0118,0.0945,0.5836,0.3064,8.0
0.001,0.0015,0.0048,0.0937,0.899,10.0
0.0238,0.0733,0.2906,0.5066,0.1056,10.0
0.1091,0.3274,0.3456,0.173,0.0449,10.0
0.0015,0.0039,0.0174,0.3472,0.63,10.0
0.1132,0.4629,0.3669,0.0519,0.0051,4.0
0.0014,0.0014,0.0026,0.0329,0.9617,10.0
0.0022,0.0118,0.1335,0.7169,0.1356,9.0
0.0089,0.0847,0.5149,0.3687,0.0228,7.0
0.0009,0.0015,0.0059,0.0922,0.8994,8.0
0.0012,0.0014,0.0096,0.1777,0.8102,9.0
0.0013,0.0018,0.0102,0.1619,0.8248,9.0
0.0016,0.0113,0.1419,0.7171,0.1281,7.0
0.0013,0.0026,0.0168,0.2323,0.747,10.0
0.008,0.1691,0.6043,0.2116,0.007,8.0
0.002,0.0028,0.0102,0.1157,0.8693,10.0
0.001,0.0015,0.0105,0.1476,0.8394,9.0
0.0013,0.0018,0.0087,0.1584,0.8297,9.0
0.0226,0.0885,0.1796,0.4475,0.2618,9.0
0.0013,0.0012,0.0029,0.0346,0.96,10.0
0.1047,0.1445,0.2762,0.3049,0.1696,0.0
0.0105,0.022,0.0659,0.1804,0.7213,10.0
0.0132,0.0797,0.2628,0.5558,0.0884,9.0
0.0013,0.0085,0.1015,0.7453,0.1433,10.0
0.0126,0.0082,0.0055,0.1096,0.8641,8.0
0.0013,0.0037,0.0891,0.5937,0.3121,0.0
0.0051,0.0155,0.0373,0.3716,0.5705,10.0
0.0021,0.0099,0.0976,0.5643,0.3261,9.0
0.0027,0.009,0.0492,0.4676,0.4716,8.0
0.2471,0.6269,0.1115,0.0124,0.002,4.0
0.0007,0.0009,0.0031,0.0956,0.8996,9.0
0.0188,0.1916,0.5305,0.2313,0.0277,3.0
0.3648,0.309,0.1295,0.1285,0.0682,10.0
0.0484,0.1289,0.2071,0.4358,0.1798,8.0
0.0009,0.0031,0.0334,0.5615,0.4011,10.0
0.007,0.0217,0.0861,0.5273,0.3579,10.0
0.0952,0.3269,0.3317,0.1949,0.0512,10.0
0.0027,0.0044,0.0179,0.3038,0.6712,10.0
0.0008,0.0009,0.0028,0.0292,0.9663,10.0
0.0065,0.0285,0.1147,0.5129,0.3375,10.0
0.0026,0.033,0.3102,0.6209,0.0333,9.0
0.0123,0.0571,0.2027,0.5557,0.1722,9.0
0.0038,0.0041,0.0077,0.3182,0.6663,9.0
0.0283,0.1108,0.2902,0.4566,0.1142,10.0
0.0018,0.0121,0.1648,0.7303,0.0909,8.0
0.048,0.3146,0.3531,0.2445,0.0398,9.0
0.0114,0.0727,0.2339,0.5147,0.1673,10.0
0.0008,0.0013,0.0032,0.0658,0.9289,9.0
0.0444,0.3986,0.3705,0.1674,0.0191,9.0
0.001,0.0019,0.0062,0.0986,0.8923,10.0
0.0137,0.0613,0.2992,0.5337,0.0921,9.0
0.0052,0.0076,0.0149,0.1357,0.8366,10.0
0.0054,0.0424,0.2138,0.6178,0.1206,10.0
0.0043,0.0189,0.0761,0.5112,0.3895,10.0
0.0073,0.0104,0.0229,0.1848,0.7747,10.0
0.004,0.0092,0.0353,0.2096,0.7419,10.0
0.0015,0.0031,0.0108,0.2072,0.7775,10.0
0.0043,0.0357,0.3726,0.5377,0.0497,10.0
0.0121,0.0696,0.4439,0.4576,0.0168,9.0
0.0025,0.0065,0.0307,0.638,0.3223,10.0
0.0494,0.1324,0.234,0.3842,0.1999,8.0
0.0264,0.1489,0.3151,0.4252,0.0845,9.0
0.0053,0.0173,0.101,0.4956,0.3808,9.0
0.0036,0.008,0.033,0.3534,0.602,10.0
0.0021,0.0107,0.1031,0.5771,0.307,9.0
0.0022,0.0133,0.1324,0.7205,0.1317,9.0
0.0016,0.0145,0.2331,0.6932,0.0576,9.0
0.0107,0.0147,0.0231,0.1456,0.8058,10.0
0.092,0.6387,0.2513,0.0159,0.0021,6.0
0.0277,0.1489,0.2609,0.3954,0.1671,9.0
0.0929,0.1476,0.1023,0.2159,0.4413,8.0
0.0033,0.0256,0.2236,0.6695,0.0779,9.0
0.016,0.0807,0.2425,0.5463,0.1146,9.0
0.0037,0.012,0.0845,0.5234,0.3764,0.0
0.0224,0.1567,0.3647,0.3549,0.1012,10.0
0.0162,0.0413,0.0637,0.2985,0.5803,10.0
0.0194,0.158,0.5494,0.2464,0.0268,7.0
0.0081,0.0547,0.3099,0.5439,0.0835,9.0
0.0339,0.2256,0.3913,0.2805,0.0688,10.0
0.0054,0.0308,0.2289,0.5477,0.1872,9.0
0.0007,0.0018,0.0229,0.5104,0.4642,9.0
0.0123,0.0198,0.0389,0.1966,0.7323,9.0
0.0042,0.0223,0.0887,0.8697,0.0152,8.0
0.0023,0.0041,0.0104,0.2151,0.7681,0.0
0.0296,0.1093,0.2087,0.5014,0.151,10.0
0.0049,0.0429,0.2391,0.6227,0.0904,10.0
0.0034,0.0178,0.1906,0.6026,0.1856,8.0
0.0218,0.0636,0.178,0.5238,0.2128,9.0
0.0035,0.0113,0.0408,0.4464,0.498,10.0
0.0031,0.0107,0.0752,0.6999,0.2112,10.0
0.0023,0.0014,0.002,0.0147,0.9797,10.0
0.4223,0.4815,0.0831,0.0094,0.0037,1.0
0.0031,0.004,0.0096,0.0992,0.8841,10.0
0.0374,0.2721,0.4297,0.2338,0.027,7.0
0.0025,0.0047,0.019,0.236,0.7379,10.0
0.0215,0.3132,0.6116,0.0517,0.002,5.0
0.0306,0.078,0.279,0.4485,0.164,0.0
0.0328,0.0534,0.0341,0.5539,0.3258,8.0
0.0107,0.128,0.6054,0.2424,0.0134,7.0
0.0153,0.1441,0.3353,0.3941,0.1112,10.0
0.0017,0.0047,0.0184,0.2527,0.7224,10.0
0.012,0.0574,0.3547,0.4973,0.0786,8.0
0.0028,0.016,0.1099,0.7338,0.1375,9.0
0.0119,0.0818,0.2603,0.5467,0.0994,9.0
0.8839,0.1072,0.0067,0.001,0.0012,3.0
0.0639,0.1393,0.1757,0.3283,0.2927,9.0
0.0218,0.0636,0.178,0.5238,0.2128,10.0
0.0069,0.0261,0.0773,0.5836,0.306,10.0
0.0123,0.0414,0.303,0.5551,0.0882,9.0
0.1173,0.4905,0.269,0.1037,0.0195,1.0
0.0008,0.0035,0.0364,0.5953,0.3639,10.0
0.0108,0.0795,0.3077,0.5246,0.0774,10.0
0.0225,0.1093,0.2588,0.4049,0.2045,9.0
0.023,0.2212,0.5103,0.234,0.0116,7.0
0.0013,0.0033,0.0159,0.2271,0.7523,9.0
0.0022,0.0038,0.0112,0.1378,0.845,10.0
0.0084,0.0318,0.0608,0.3024,0.5966,9.0
0.0009,0.0013,0.0075,0.1773,0.813,10.0
0.0038,0.0214,0.0778,0.5823,0.3147,10.0
0.0352,0.1991,0.4166,0.3151,0.034,7.0
0.0017,0.0039,0.0241,0.3914,0.5789,9.0
0.0314,0.0828,0.1409,0.3368,0.4081,10.0
0.0945,0.4913,0.3188,0.0861,0.0093,9.0
0.003,0.0097,0.0468,0.4972,0.4433,9.0
0.0012,0.0018,0.0067,0.1714,0.8188,10.0
0.163,0.5995,0.1942,0.0365,0.0068,6.0
0.0082,0.0132,0.0168,0.1534,0.8083,8.0
0.0346,0.1533,0.4288,0.3375,0.0458,0.0
0.0011,0.0026,0.032,0.4101,0.5543,8.0
0.0956,0.2639,0.3592,0.2446,0.0368,7.0
0.0085,0.0351,0.1304,0.5494,0.2766,8.0
0.0069,0.1453,0.6345,0.2069,0.0064,7.0
0.0014,0.0101,0.2775,0.6802,0.0307,0.0
0.2888,0.192,0.1491,0.1812,0.1889,9.0
0.0211,0.1465,0.4091,0.3728,0.0506,9.0
0.0115,0.053,0.1338,0.7927,0.009,8.0
0.1794,0.605,0.2031,0.0115,0.0011,5.0
0.0017,0.0072,0.0812,0.7128,0.1971,9.0
0.0059,0.0204,0.1245,0.5619,0.2873,0.0
0.0064,0.017,0.0501,0.5152,0.4112,9.0
0.0321,0.1081,0.2389,0.4307,0.1902,9.0
0.0049,0.0353,0.263,0.6203,0.0765,8.0
0.004,0.0313,0.2928,0.6105,0.0614,9.0
0.0151,0.0472,0.1197,0.4521,0.3659,8.0
0.0425,0.2028,0.3763,0.2845,0.094,9.0
0.0079,0.0294,0.1206,0.4582,0.3838,8.0
0.0152,0.1572,0.4114,0.3845,0.0316,9.0
0.0283,0.1655,0.2197,0.5181,0.0685,7.0
0.0131,0.0449,0.1202,0.5163,0.3055,7.0
0.001,0.0022,0.0136,0.1822,0.801,8.0
0.0014,0.0018,0.0057,0.1325,0.8585,10.0
0.0126,0.077,0.2501,0.5409,0.1193,10.0
0.0287,0.1185,0.1954,0.4755,0.1818,10.0
0.0032,0.0071,0.0199,0.2592,0.7106,9.0
0.0012,0.0031,0.0196,0.4725,0.5037,10.0
0.0169,0.1251,0.4392,0.3772,0.0417,9.0
0.0009,0.0008,0.0027,0.0394,0.9562,10.0
0.0059,0.0198,0.0478,0.2589,0.6675,10.0
0.003,0.0118,0.0511,0.4617,0.4724,10.0
0.0051,0.0326,0.2009,0.6317,0.1295,8.0
0.0115,0.0639,0.3888,0.4778,0.058,9.0
0.0021,0.0066,0.0416,0.4385,0.5112,9.0
0.0295,0.2317,0.4581,0.2561,0.0245,8.0
0.0039,0.0144,0.0867,0.4958,0.3992,10.0
0.4427,0.2943,0.1053,0.0785,0.0791,8.0
0.0083,0.0189,0.0467,0.2698,0.6563,10.0
0.0021,0.024,0.2978,0.651,0.025,8.0
0.0073,0.057,0.2879,0.5981,0.0497,0.0
0.0174,0.0523,0.185,0.4064,0.339,10.0
0.0064,0.0417,0.1884,0.6506,0.113,10.0
0.0014,0.0117,0.2659,0.6877,0.0333,8.0
0.063,0.3007,0.3772,0.2241,0.035,7.0
0.0033,0.0107,0.0675,0.5529,0.3656,10.0
0.0017,0.0057,0.0236,0.8612,0.1078,8.0
0.0048,0.0156,0.0913,0.5237,0.3646,10.0
0.0177,0.2234,0.5973,0.156,0.0055,8.0
0.0005,0.0016,0.0295,0.6568,0.3115,9.0
0.0111,0.0317,0.0686,0.4183,0.4704,10.0
0.0081,0.0356,0.1319,0.6957,0.1287,10.0
0.0049,0.0314,0.2073,0.6084,0.148,7.0
0.0018,0.0106,0.1322,0.7387,0.1166,8.0
0.0052,0.0292,0.2693,0.6214,0.0749,7.0
0.0021,0.0045,0.0235,0.2444,0.7254,10.0
0.0145,0.0176,0.0156,0.1291,0.8232,10.0
0.0191,0.0718,0.2253,0.5038,0.1799,8.0
0.0033,0.0193,0.2072,0.6489,0.1214,9.0
0.0037,0.0041,0.0075,0.0496,0.9352,10.0
0.005,0.0191,0.0643,0.431,0.4806,10.0
0.0842,0.5522,0.2991,0.0612,0.0033,6.0
0.0023,0.0067,0.0416,0.4301,0.5193,10.0
0.0127,0.0761,0.3953,0.4644,0.0515,10.0
0.0101,0.0298,0.0898,0.4311,0.4392,10.0
0.0049,0.024,0.1358,0.6719,0.1634,10.0
0.0099,0.0298,0.1077,0.6665,0.1861,9.0
0.0015,0.004,0.0229,0.2743,0.6974,10.0
0.1454,0.5808,0.2496,0.0226,0.0017,6.0
0.0013,0.0063,0.0572,0.5416,0.3936,9.0
0.0008,0.0009,0.002,0.0391,0.9573,10.0
0.0152,0.0236,0.0624,0.2723,0.6265,10.0
0.0026,0.0185,0.1697,0.6863,0.1229,10.0
0.0035,0.0098,0.0267,0.2134,0.7465,9.0
0.0036,0.0169,0.1201,0.6716,0.1878,10.0
0.0324,0.4088,0.4653,0.089,0.0045,6.0
0.0355,0.5853,0.3524,0.0255,0.0013,7.0
0.2783,0.4463,0.1851,0.0638,0.0266,2.0
0.0013,0.0227,0.7296,0.2419,0.0045,0.0
0.0417,0.0673,0.053,0.1803,0.6576,10.0
0.0138,0.1688,0.3826,0.3753,0.0594,7.0
0.4468,0.4124,0.0861,0.0309,0.0238,2.0
0.0045,0.0149,0.0839,0.5485,0.3482,10.0
0.0053,0.0293,0.1175,0.6446,0.2033,9.0
0.0078,0.0127,0.0239,0.1706,0.7851,9.0
0.0249,0.1461,0.1833,0.4348,0.2109,10.0
0.0053,0.0454,0.3129,0.5943,0.0421,7.0
0.0114,0.0616,0.2601,0.4983,0.1686,8.0
0.003,0.019,0.1608,0.5706,0.2466,10.0
0.0029,0.0111,0.0747,0.4679,0.4434,10.0
0.0182,0.0905,0.3669,0.4488,0.0756,10.0
0.0007,0.0094,0.2453,0.7326,0.0119,8.0
0.0126,0.0193,0.0512,0.2918,0.6251,8.0
0.0022,0.0072,0.0363,0.409,0.5454,10.0
0.0041,0.0131,0.0501,0.8716,0.0611,8.0
0.0017,0.003,0.0071,0.0867,0.9015,10.0
0.0779,0.4096,0.3623,0.1361,0.0142,7.0
0.0056,0.0273,0.177,0.6825,0.1076,9.0
0.0125,0.0393,0.1399,0.4731,0.3352,9.0
0.0121,0.0406,0.1236,0.4969,0.3268,0.0
0.0043,0.0077,0.0112,0.1269,0.8499,9.0
0.0308,0.0611,0.102,0.3104,0.4957,0.0
0.0186,0.0286,0.0415,0.2546,0.6567,9.0
0.0031,0.006,0.0197,0.2479,0.7233,10.0
0.0107,0.0176,0.0916,0.7864,0.0938,9.0
0.0021,0.0035,0.009,0.1846,0.8008,9.0
0.008,0.0392,0.1747,0.5287,0.2494,8.0
0.0031,0.0053,0.016,0.2069,0.7687,10.0
0.0021,0.0105,0.1947,0.6352,0.1576,7.0
0.009,0.0266,0.0711,0.4152,0.4782,10.0
0.0154,0.1498,0.3892,0.4185,0.0271,7.0
0.0189,0.1043,0.2071,0.5312,0.1385,9.0
0.1459,0.2736,0.2529,0.2046,0.123,9.0
0.0073,0.0422,0.3097,0.524,0.1169,9.0
0.0635,0.2137,0.3467,0.3201,0.056,4.0
0.0761,0.1235,0.152,0.3073,0.3412,10.0
0.0131,0.0204,0.0502,0.4131,0.5032,10.0
0.0034,0.0117,0.0382,0.8692,0.0775,0.0
0.001,0.0028,0.0242,0.4178,0.5541,9.0
0.2418,0.3636,0.2235,0.1269,0.0442,9.0
0.0024,0.0083,0.065,0.5335,0.3907,0.0
0.0524,0.1108,0.1115,0.3631,0.3622,10.0
0.0107,0.0357,0.2117,0.5571,0.1847,0.0
0.0464,0.5741,0.3403,0.0362,0.003,5.0
0.0053,0.0171,0.036,0.2057,0.7359,9.0
0.0078,0.027,0.1232,0.4303,0.4117,10.0
0.0078,0.0105,0.0136,0.119,0.8491,9.0
0.0029,0.0028,0.0035,0.0481,0.9427,9.0
0.0371,0.2991,0.4181,0.2236,0.0222,9.0
0.0117,0.0687,0.3762,0.4858,0.0577,10.0
0.0026,0.0082,0.036,0.3595,0.5937,10.0
0.0287,0.0992,0.2042,0.536,0.132,10.0
0.0191,0.0737,0.12,0.3893,0.398,10.0
0.0022,0.005,0.0158,0.2787,0.6983,10.0
0.016,0.1457,0.4214,0.3695,0.0475,10.0
0.0138,0.0576,0.096,0.3968,0.4358,10.0
0.1121,0.3913,0.3049,0.157,0.0348,10.0
0.0133,0.1186,0.4497,0.389,0.0293,9.0
0.0061,0.0318,0.3229,0.5806,0.0586,10.0
0.0266,0.3712,0.5095,0.0889,0.0038,7.0
0.0019,0.0057,0.0413,0.4605,0.4906,10.0
0.0121,0.0233,0.0577,0.3582,0.5487,9.0
0.1727,0.6643,0.1347,0.0242,0.004,3.0
0.0139,0.0414,0.1907,0.5148,0.2392,10.0
0.0017,0.0099,0.0845,0.6111,0.2928,9.0
0.001,0.0014,0.0048,0.0926,0.9002,10.0
0.0032,0.0062,0.0275,0.2961,0.6671,10.0
0.0094,0.1109,0.4896,0.371,0.0191,0.0
0.036,0.266,0.4138,0.2531,0.0312,10.0
0.2995,0.3784,0.1807,0.0903,0.051,7.0
0.0037,0.0233,0.0908,0.6135,0.2688,10.0
0.0133,0.1675,0.567,0.2449,0.0074,8.0
0.0055,0.0269,0.1138,0.6029,0.2509,10.0
0.0071,0.0313,0.081,0.434,0.4466,10.0
0.0056,0.03,0.1405,0.6002,0.2237,10.0
0.0156,0.061,0.1569,0.5598,0.2066,10.0
0.0242,0.1135,0.4159,0.3653,0.0811,10.0
0.0183,0.133,0.3497,0.4405,0.0585,10.0
0.0044,0.0267,0.234,0.6745,0.0604,8.0
0.01,0.2011,0.4077,0.3438,0.0375,8.0
0.0021,0.0018,0.0033,0.0298,0.963,10.0
0.0289,0.1837,0.2897,0.3864,0.1113,9.0
0.0254,0.1031,0.2299,0.5217,0.1199,10.0
0.0189,0.0537,0.1174,0.4862,0.3238,10.0
0.0121,0.046,0.1307,0.5794,0.2318,9.0
0.0024,0.0049,0.016,0.1877,0.7889,9.0
0.0044,0.0198,0.0898,0.6581,0.2279,9.0
0.0801,0.1538,0.1989,0.3574,0.2098,10.0
0.0179,0.0304,0.0441,0.2076,0.7,10.0
0.1428,0.3364,0.1895,0.2256,0.1057,0.0
0.0041,0.0108,0.0311,0.3872,0.5668,10.0
0.0034,0.0039,0.0064,0.0584,0.9279,10.0
0.0019,0.0039,0.0224,0.3548,0.617,10.0
0.0385,0.9046,0.0459,0.0089,0.0021,2.0
0.0347,0.1375,0.2253,0.4083,0.1943,7.0
0.0058,0.0216,0.0508,0.5963,0.3256,10.0
0.0057,0.0259,0.1827,0.6629,0.1228,8.0
