0,1,2,3,4,5
0.048,0.1119,0.1588,0.3662,0.315,9.0
0.0016,0.0068,0.0835,0.6409,0.2671,9.0
0.4186,0.3473,0.184,0.0388,0.0113,10.0
0.0388,0.0643,0.095,0.3147,0.4871,8.0
0.0141,0.033,0.1718,0.6314,0.1497,7.0
0.0164,0.0495,0.1097,0.4213,0.4031,8.0
0.0015,0.0042,0.0356,0.5905,0.3681,10.0
0.0011,0.0023,0.0088,0.868,0.1199,8.0
0.0018,0.0036,0.0175,0.2429,0.7341,10.0
0.0033,0.0137,0.1092,0.6946,0.1792,9.0
0.0034,0.007,0.0255,0.3521,0.612,10.0
0.0043,0.0087,0.0376,0.4357,0.5137,7.0
0.001,0.0024,0.0225,0.3996,0.5745,8.0
0.0009,0.0037,0.057,0.753,0.1854,9.0
0.0064,0.1411,0.6462,0.2026,0.0038,5.0
0.0031,0.0393,0.4021,0.5435,0.0119,7.0
0.0259,0.0266,0.0397,0.1983,0.7096,10.0
0.0375,0.054,0.0546,0.2226,0.6312,10.0
0.0307,0.2549,0.4917,0.2117,0.0111,8.0
0.0239,0.1273,0.322,0.4101,0.1168,10.0
0.0007,0.0008,0.0032,0.1133,0.882,9.0
0.0045,0.0721,0.667,0.2461,0.0103,7.0
0.0299,0.0428,0.0628,0.2782,0.5863,10.0
0.1469,0.6144,0.19,0.0412,0.0075,7.0
0.0118,0.0705,0.3342,0.5453,0.0382,9.0
0.0144,0.2465,0.4928,0.2402,0.0061,8.0
0.0083,0.0312,0.0974,0.4501,0.413,8.0
0.0051,0.0067,0.0168,0.1551,0.8162,9.0
0.0415,0.3967,0.3392,0.1907,0.0319,10.0
0.001,0.0021,0.0132,0.1847,0.799,10.0
0.1371,0.4459,0.2643,0.1232,0.0296,10.0
0.0602,0.5138,0.4042,0.0206,0.0013,6.0
0.0128,0.1349,0.5891,0.2494,0.0138,8.0
0.031,0.1384,0.3165,0.4112,0.1028,9.0
0.1689,0.1671,0.1093,0.2555,0.2992,0.0
0.0006,0.0029,0.0441,0.6295,0.3228,9.0
0.0066,0.0237,0.0632,0.551,0.3556,9.0
0.2854,0.5577,0.1474,0.0081,0.0015,5.0
0.1784,0.11,0.0867,0.1739,0.451,10.0
0.0013,0.007,0.0772,0.7129,0.2016,9.0
0.0024,0.0201,0.2046,0.699,0.0739,10.0
0.0463,0.0664,0.072,0.1515,0.6638,10.0
0.0032,0.0037,0.0113,0.1735,0.8082,10.0
0.0022,0.0425,0.7134,0.2388,0.0032,8.0
0.7683,0.2112,0.0176,0.0017,0.0012,1.0
0.0094,0.0089,0.0171,0.1208,0.8438,10.0
0.0028,0.0054,0.0278,0.4018,0.5621,10.0
0.1913,0.4286,0.1579,0.2159,0.0064,4.0
0.832,0.1534,0.0125,0.0013,0.0008,1.0
0.0012,0.0009,0.0017,0.0181,0.9781,10.0
0.0009,0.0009,0.007,0.1217,0.8696,10.0
0.004,0.0445,0.3125,0.5791,0.0598,10.0
0.0006,0.0006,0.0028,0.0812,0.9148,10.0
0.2413,0.3193,0.2118,0.1569,0.0707,7.0
0.0022,0.0215,0.2281,0.7151,0.033,7.0
0.0006,0.0014,0.0371,0.5245,0.4363,9.0
0.001,0.001,0.0043,0.1174,0.8764,10.0
0.0007,0.0009,0.0068,0.2092,0.7823,10.0
0.0591,0.2959,0.4943,0.1371,0.0135,3.0
0.0005,0.0013,0.0351,0.614,0.3491,8.0
0.0007,0.0009,0.0068,0.2092,0.7823,10.0
0.0822,0.0897,0.1348,0.2727,0.4205,5.0
0.0109,0.0311,0.1221,0.5255,0.3104,9.0
0.1324,0.1322,0.0911,0.2684,0.3759,10.0
0.034,0.0593,0.0858,0.4579,0.3631,9.0
0.0026,0.0022,0.0038,0.0157,0.9757,10.0
0.0066,0.0203,0.0977,0.4513,0.4242,9.0
0.0027,0.003,0.0146,0.1702,0.8094,10.0
0.001,0.0017,0.0301,0.5254,0.4417,10.0
0.0021,0.0083,0.0808,0.6669,0.2418,4.0
0.0014,0.0033,0.0383,0.4561,0.5009,10.0
0.1957,0.2047,0.1313,0.2316,0.2368,9.0
0.0033,0.0046,0.0152,0.2143,0.7624,9.0
0.224,0.6609,0.1084,0.0056,0.001,2.0
0.0301,0.4553,0.4514,0.0603,0.0029,9.0
0.1135,0.1597,0.1369,0.342,0.2478,9.0
0.4305,0.1484,0.0478,0.0767,0.2966,9.0
0.0015,0.0017,0.0157,0.2429,0.7382,10.0
0.1507,0.5774,0.2416,0.0273,0.0031,6.0
0.0036,0.0045,0.0203,0.1663,0.8053,10.0
0.0084,0.0115,0.0253,0.1817,0.7732,10.0
0.1485,0.3491,0.2466,0.195,0.0608,7.0
0.0424,0.0769,0.113,0.4373,0.3304,8.0
0.0017,0.0116,0.0861,0.8812,0.0194,8.0
0.087,0.0849,0.1656,0.2827,0.3798,1.0
0.1958,0.5693,0.188,0.0415,0.0054,5.0
0.0083,0.0104,0.0488,0.2887,0.6437,10.0
0.006,0.0124,0.0458,0.3475,0.5882,10.0
0.0087,0.0239,0.107,0.5744,0.286,7.0
0.0545,0.0596,0.2288,0.4223,0.2348,10.0
0.0404,0.0378,0.0415,0.1929,0.6875,9.0
0.2536,0.5857,0.1471,0.0119,0.0016,6.0
0.0022,0.0062,0.1446,0.6512,0.1957,8.0
0.0046,0.0557,0.2626,0.6,0.0771,7.0
0.001,0.0067,0.0631,0.7588,0.1704,8.0
0.0058,0.0146,0.0536,0.5979,0.328,9.0
0.0047,0.0118,0.0296,0.3957,0.5582,0.0
0.0026,0.0144,0.316,0.6092,0.0578,9.0
0.0006,0.0032,0.0982,0.8241,0.074,10.0
0.007,0.0249,0.1881,0.5715,0.2085,9.0
0.0085,0.0507,0.4077,0.4646,0.0684,7.0
0.0079,0.0153,0.0254,0.2117,0.7397,10.0
0.1235,0.3122,0.2624,0.2182,0.0837,8.0
0.0022,0.0024,0.0141,0.1804,0.8009,0.0
0.0532,0.079,0.1256,0.321,0.4212,10.0
0.0564,0.4026,0.491,0.0456,0.0044,6.0
0.0043,0.0238,0.1282,0.5666,0.277,9.0
0.0352,0.019,0.0167,0.1106,0.8186,10.0
0.7823,0.1652,0.0368,0.0096,0.0061,6.0
0.0025,0.0156,0.1049,0.577,0.3,9.0
0.0008,0.0023,0.0315,0.5024,0.4631,8.0
0.0157,0.0316,0.0884,0.3912,0.4731,10.0
0.0022,0.0019,0.0094,0.1135,0.8731,10.0
0.1135,0.1596,0.3168,0.319,0.0911,8.0
0.0033,0.0124,0.0693,0.5104,0.4045,9.0
0.002,0.0014,0.0028,0.017,0.9769,10.0
0.024,0.0582,0.1923,0.5219,0.2036,7.0
0.0033,0.0216,0.4504,0.4866,0.0381,7.0
0.002,0.0019,0.0063,0.0478,0.942,10.0
0.0023,0.0062,0.0407,0.498,0.4528,8.0
0.0081,0.0097,0.0262,0.1784,0.7776,9.0
0.0372,0.2429,0.3117,0.2915,0.1167,10.0
0.0226,0.0634,0.1442,0.4297,0.3401,9.0
0.0085,0.0614,0.3422,0.5089,0.0789,3.0
0.0145,0.0342,0.1979,0.5058,0.2476,9.0
0.2972,0.0844,0.0614,0.0924,0.4646,10.0
0.7169,0.2,0.031,0.021,0.0311,8.0
0.001,0.0011,0.0055,0.1196,0.8728,9.0
0.0023,0.0026,0.0265,0.2809,0.6876,10.0
0.1786,0.3386,0.2226,0.1777,0.0824,10.0
0.0083,0.0144,0.0504,0.4076,0.5193,10.0
0.0308,0.102,0.2387,0.3824,0.2461,9.0
0.0015,0.0084,0.2307,0.67,0.0895,8.0
0.1264,0.1402,0.1096,0.2619,0.3619,8.0
0.8146,0.11,0.0357,0.0129,0.0267,10.0
0.0426,0.0504,0.0616,0.2211,0.6244,10.0
0.0009,0.0008,0.0051,0.13,0.8632,10.0
0.0659,0.3166,0.285,0.2692,0.0632,10.0
0.0091,0.0238,0.0624,0.3229,0.5817,9.0
0.0014,0.0013,0.0024,0.0383,0.9566,10.0
0.0072,0.0096,0.0393,0.2727,0.6711,9.0
0.04,0.0267,0.0443,0.1159,0.7732,9.0
0.615,0.3039,0.0609,0.0118,0.0083,9.0
0.004,0.0059,0.0269,0.2607,0.7025,10.0
0.003,0.0045,0.0098,0.0748,0.9079,10.0
0.0004,0.0012,0.0214,0.6969,0.2802,8.0
0.0008,0.0009,0.0023,0.0332,0.9628,9.0
0.0009,0.0024,0.0449,0.5034,0.4483,8.0
0.162,0.5237,0.2266,0.0779,0.0097,5.0
0.0023,0.0042,0.0181,0.191,0.7844,10.0
0.0343,0.1201,0.3593,0.3702,0.1161,9.0
0.0566,0.3156,0.44,0.1704,0.0173,7.0
0.0008,0.003,0.0466,0.6305,0.319,10.0
0.0036,0.0037,0.0154,0.1079,0.8694,9.0
0.002,0.0039,0.0189,0.2768,0.6985,9.0
0.0035,0.003,0.0054,0.0546,0.9335,9.0
0.0098,0.0331,0.3057,0.5772,0.0742,7.0
0.0007,0.0008,0.0055,0.0979,0.895,10.0
0.0205,0.0333,0.1388,0.4282,0.3792,7.0
0.0037,0.0166,0.1017,0.663,0.2149,10.0
0.0184,0.161,0.5253,0.2692,0.0261,8.0
0.008,0.0231,0.1711,0.4541,0.3437,9.0
0.6232,0.2333,0.0949,0.0319,0.0167,10.0
0.0234,0.0632,0.1572,0.3811,0.3752,10.0
0.005,0.0036,0.0049,0.0547,0.9318,9.0
0.8509,0.133,0.0124,0.0019,0.0017,3.0
0.0349,0.15,0.4273,0.3263,0.0615,10.0
0.0763,0.1356,0.079,0.1867,0.5224,10.0
0.081,0.1103,0.1005,0.2519,0.4562,10.0
0.0416,0.2432,0.3517,0.3157,0.0478,7.0
0.0015,0.0022,0.0068,0.1447,0.8448,10.0
0.1096,0.1935,0.189,0.2811,0.2268,9.0
0.0049,0.0124,0.2171,0.5853,0.1803,9.0
0.0079,0.0265,0.1162,0.6905,0.1589,8.0
0.0172,0.0439,0.1173,0.5098,0.3117,8.0
0.0597,0.1595,0.2185,0.3543,0.208,7.0
0.0192,0.0614,0.3287,0.4873,0.1034,9.0
0.008,0.0177,0.0363,0.3845,0.5535,9.0
0.0047,0.0056,0.051,0.3259,0.6127,10.0
0.4434,0.2438,0.0836,0.0947,0.1345,8.0
0.108,0.2136,0.181,0.2863,0.2112,8.0
0.034,0.0678,0.1513,0.4171,0.3298,7.0
0.0659,0.4579,0.4193,0.0531,0.0038,8.0
0.0018,0.0083,0.2418,0.6425,0.1058,8.0
0.0012,0.0015,0.0216,0.3114,0.6643,9.0
0.0026,0.0045,0.0185,0.2633,0.7111,9.0
0.1255,0.6254,0.2354,0.0124,0.0013,6.0
0.0145,0.03,0.0779,0.2391,0.6385,10.0
0.0044,0.0048,0.0147,0.1518,0.8242,8.0
0.003,0.0028,0.005,0.0317,0.9575,9.0
0.0022,0.0056,0.0252,0.3062,0.6608,10.0
0.1235,0.7359,0.1371,0.0032,0.0003,2.0
0.0022,0.0018,0.0069,0.0416,0.9475,10.0
0.0677,0.1828,0.4375,0.2453,0.0666,10.0
0.7108,0.1895,0.0443,0.0226,0.0328,9.0
0.544,0.1635,0.1528,0.0924,0.0472,10.0
0.005,0.0264,0.3086,0.6002,0.0598,8.0
0.7967,0.1686,0.0288,0.0037,0.0022,0.0
0.0289,0.0346,0.0447,0.3152,0.5766,9.0
0.0023,0.0279,0.2589,0.6833,0.0277,0.0
0.273,0.1046,0.1034,0.1415,0.3774,10.0
0.0011,0.0018,0.011,0.2407,0.7454,10.0
0.0363,0.0175,0.0133,0.0566,0.8763,10.0
0.0116,0.025,0.0723,0.3185,0.5726,10.0
0.0076,0.0252,0.1517,0.5093,0.3062,10.0
0.0385,0.231,0.4155,0.2753,0.0397,8.0
0.0024,0.0097,0.0687,0.6299,0.2892,8.0
0.1435,0.6681,0.179,0.0085,0.0009,6.0
0.0041,0.0197,0.1207,0.6601,0.1954,9.0
0.0188,0.0915,0.2142,0.5568,0.1187,9.0
0.1824,0.4457,0.2905,0.071,0.0104,6.0
0.0373,0.2959,0.4388,0.2072,0.0207,7.0
0.0026,0.0029,0.0151,0.159,0.8203,10.0
0.0025,0.0091,0.1194,0.7718,0.0972,8.0
0.0345,0.0555,0.1128,0.5194,0.2779,10.0
0.0364,0.052,0.0724,0.2743,0.5648,9.0
0.0029,0.0237,0.9676,0.0054,0.0004,3.0
0.03,0.2252,0.5457,0.1827,0.0164,5.0
0.0607,0.0255,0.0409,0.1123,0.7606,7.0
0.0008,0.0012,0.0044,0.9732,0.0204,9.0
0.0431,0.2,0.3623,0.3303,0.0642,7.0
0.0026,0.0055,0.0233,0.818,0.1505,8.0
0.0117,0.1143,0.4482,0.4075,0.0183,8.0
0.3965,0.5657,0.0351,0.0021,0.0006,3.0
0.0114,0.0691,0.224,0.5478,0.1476,9.0
0.0371,0.1321,0.3073,0.397,0.1265,4.0
0.0058,0.0265,0.122,0.5784,0.2672,8.0
0.0074,0.0111,0.0317,0.1683,0.7815,8.0
0.0183,0.1867,0.5763,0.2094,0.0091,6.0
0.0569,0.5949,0.3293,0.0178,0.0011,4.0
0.2852,0.6216,0.0822,0.0088,0.0022,1.0
0.0045,0.0069,0.0177,0.1848,0.7862,10.0
0.0023,0.0039,0.0192,0.2171,0.7575,10.0
0.0166,0.0352,0.1006,0.6204,0.2271,9.0
0.1681,0.4517,0.2546,0.0901,0.0356,8.0
0.223,0.4206,0.1995,0.1261,0.0308,5.0
0.0025,0.0023,0.0075,0.0493,0.9384,10.0
0.454,0.2131,0.0931,0.1005,0.1393,9.0
0.0013,0.0183,0.4887,0.4821,0.0096,7.0
0.009,0.0048,0.0072,0.0854,0.8936,9.0
0.0586,0.061,0.1188,0.2542,0.5074,9.0
0.0018,0.0036,0.0385,0.4521,0.5041,10.0
0.0322,0.0895,0.32,0.4161,0.1422,10.0
0.012,0.0158,0.0369,0.2547,0.6807,10.0
0.0008,0.0005,0.0027,0.0521,0.9439,10.0
0.1727,0.3507,0.2596,0.1531,0.0639,10.0
0.0029,0.0074,0.0929,0.593,0.3039,9.0
0.0552,0.0863,0.1934,0.3202,0.3449,10.0
0.0008,0.0026,0.0496,0.6291,0.3179,7.0
0.0012,0.0015,0.0245,0.3221,0.6507,9.0
0.249,0.2948,0.1811,0.158,0.1171,10.0
0.0228,0.295,0.5229,0.1531,0.0062,6.0
0.0551,0.3474,0.3771,0.1853,0.0351,9.0
0.0021,0.0104,0.1087,0.6852,0.1936,8.0
0.0005,0.0041,0.128,0.8039,0.0636,9.0
0.0011,0.0012,0.0069,0.196,0.7948,7.0
0.0136,0.0414,0.0957,0.4314,0.4181,8.0
0.0017,0.0017,0.0114,0.1512,0.8339,9.0
0.0114,0.1095,0.3023,0.5276,0.0492,7.0
0.002,0.0028,0.0287,0.4979,0.4686,1.0
0.0146,0.1091,0.4132,0.4121,0.051,10.0
0.0085,0.1417,0.772,0.0754,0.0024,5.0
0.004,0.0029,0.007,0.0611,0.925,9.0
0.0017,0.005,0.0312,0.4531,0.509,9.0
0.0009,0.0005,0.0013,0.0116,0.9857,10.0
0.0057,0.0139,0.0581,0.441,0.4813,10.0
0.0034,0.0028,0.0184,0.185,0.7905,10.0
0.0033,0.0125,0.0698,0.577,0.3373,10.0
0.0493,0.2177,0.3255,0.3228,0.0847,8.0
0.0009,0.0006,0.0037,0.0951,0.8997,9.0
0.0202,0.1341,0.4325,0.374,0.0392,8.0
0.1174,0.1792,0.163,0.276,0.2642,9.0
0.0009,0.0008,0.0015,0.0184,0.9785,10.0
0.0243,0.1477,0.3858,0.3753,0.0668,6.0
0.0497,0.1538,0.2803,0.3693,0.1469,10.0
0.1272,0.414,0.3276,0.1068,0.0243,10.0
0.0015,0.0012,0.01,0.1264,0.8609,7.0
0.0007,0.0005,0.0011,0.0127,0.9851,10.0
0.0325,0.1399,0.3074,0.3861,0.1341,9.0
0.5405,0.1152,0.0808,0.0704,0.1931,9.0
0.0005,0.0011,0.03,0.5769,0.3915,9.0
0.0039,0.0108,0.0568,0.4337,0.4949,9.0
0.0046,0.0147,0.1077,0.6024,0.2706,10.0
0.0148,0.0298,0.0534,0.303,0.5992,9.0
0.0009,0.001,0.0029,0.0494,0.9458,10.0
0.0075,0.049,0.3076,0.5754,0.0605,10.0
0.0014,0.0024,0.0144,0.2896,0.6921,9.0
0.007,0.0175,0.0784,0.5176,0.3795,9.0
0.5422,0.3734,0.0642,0.0137,0.0065,5.0
0.0014,0.0018,0.0112,0.25,0.7356,10.0
0.184,0.4678,0.2358,0.0906,0.0219,7.0
0.0024,0.0071,0.0929,0.6899,0.2077,7.0
0.0048,0.0078,0.0467,0.3776,0.563,8.0
0.0188,0.2607,0.7059,0.0139,0.0008,6.0
0.0063,0.0223,0.0728,0.5263,0.3723,9.0
0.001,0.0024,0.0471,0.5048,0.4446,8.0
0.0015,0.0111,0.1098,0.7599,0.1177,8.0
0.0007,0.0008,0.004,0.0844,0.9102,10.0
0.0061,0.0096,0.0476,0.3353,0.6015,9.0
0.0592,0.4579,0.333,0.1322,0.0176,8.0
0.0077,0.0189,0.1015,0.5662,0.3057,9.0
0.004,0.0488,0.3058,0.5797,0.0617,6.0
0.0512,0.4978,0.3689,0.0767,0.0054,5.0
0.0037,0.0047,0.0193,0.2182,0.7542,8.0
0.0015,0.0173,0.245,0.6978,0.0384,8.0
0.0012,0.0009,0.002,0.0246,0.9712,10.0
0.005,0.0166,0.0487,0.4975,0.4322,10.0
0.0093,0.0141,0.0285,0.2975,0.6506,9.0
0.2571,0.2032,0.1089,0.1074,0.3234,10.0
0.0118,0.0062,0.0098,0.0331,0.9392,10.0
0.0021,0.0069,0.0623,0.6232,0.3054,9.0
0.0016,0.0016,0.0054,0.0874,0.904,9.0
0.0351,0.0441,0.0796,0.2312,0.61,9.0
0.0071,0.0121,0.0196,0.1416,0.8195,10.0
0.0011,0.001,0.0028,0.036,0.959,9.0
0.0847,0.0899,0.2899,0.3885,0.147,7.0
0.011,0.0318,0.5586,0.3852,0.0135,7.0
0.1752,0.2489,0.1758,0.2116,0.1886,10.0
0.0967,0.0778,0.0665,0.1806,0.5784,10.0
0.0113,0.1395,0.5147,0.3198,0.0148,10.0
0.0167,0.1386,0.3897,0.4025,0.0525,10.0
0.0062,0.0562,0.2859,0.5859,0.0658,6.0
0.002,0.0024,0.0066,0.049,0.9401,9.0
0.0131,0.2317,0.7093,0.0454,0.0005,6.0
0.0019,0.0031,0.0151,0.2304,0.7494,10.0
0.0325,0.1328,0.2352,0.4406,0.1589,10.0
0.0074,0.0996,0.4902,0.3839,0.0189,8.0
0.0072,0.0885,0.4725,0.4091,0.0227,8.0
0.001,0.0012,0.0075,0.1161,0.8742,10.0
0.006,0.0093,0.0172,0.1442,0.8233,9.0
0.0027,0.0029,0.0091,0.102,0.8833,10.0
0.0044,0.0081,0.0407,0.3474,0.5994,0.0
0.0262,0.0578,0.097,0.3658,0.4532,9.0
0.089,0.227,0.2738,0.3244,0.0858,1.0
0.1329,0.1207,0.1208,0.1986,0.427,9.0
0.016,0.0142,0.0224,0.1534,0.7939,8.0
0.0074,0.0986,0.4476,0.4259,0.0206,8.0
0.0018,0.0274,0.4082,0.541,0.0216,7.0
0.1312,0.5305,0.2528,0.0699,0.0156,7.0
0.0474,0.3964,0.4306,0.1153,0.0103,2.0
0.0067,0.0239,0.1424,0.5477,0.2792,9.0
0.022,0.089,0.2988,0.4821,0.1082,7.0
0.0084,0.0087,0.015,0.1584,0.8095,8.0
0.0618,0.1206,0.2167,0.3915,0.2093,10.0
0.0199,0.0467,0.1328,0.4705,0.3301,10.0
0.5876,0.2816,0.053,0.0747,0.0031,4.0
0.0024,0.0139,0.1376,0.6585,0.1876,9.0
0.0222,0.0677,0.2042,0.4796,0.2264,6.0
0.0301,0.0756,0.1442,0.4205,0.3297,9.0
0.004,0.0117,0.0646,0.4087,0.511,10.0
0.0069,0.0676,0.4765,0.4314,0.0176,7.0
0.2425,0.3322,0.1982,0.1515,0.0756,2.0
0.0009,0.0014,0.004,0.0792,0.9146,9.0
0.0209,0.099,0.1584,0.4687,0.2531,9.0
0.0191,0.0702,0.197,0.5911,0.1225,9.0
0.003,0.0123,0.0705,0.6252,0.289,10.0
0.0029,0.0059,0.0258,0.3475,0.6179,0.0
0.1371,0.2733,0.2808,0.2511,0.0576,5.0
0.0315,0.2268,0.3438,0.3108,0.0871,9.0
0.0022,0.0259,0.4294,0.5281,0.0144,9.0
0.0242,0.0407,0.0631,0.2853,0.5867,10.0
0.6533,0.226,0.0488,0.0209,0.051,10.0
0.3131,0.3473,0.1437,0.1146,0.0813,8.0
0.0421,0.3215,0.4935,0.1359,0.007,9.0
0.0076,0.0583,0.2435,0.571,0.1196,9.0
0.0159,0.173,0.4874,0.3058,0.0178,8.0
0.0035,0.0104,0.0686,0.5066,0.411,8.0
0.0442,0.2089,0.4388,0.2764,0.0317,3.0
0.0085,0.031,0.0746,0.4318,0.4541,10.0
0.0223,0.0388,0.0441,0.3642,0.5306,9.0
0.0047,0.0104,0.0477,0.4528,0.4844,9.0
0.0049,0.0417,0.2509,0.5774,0.1252,10.0
0.0475,0.1208,0.1755,0.3614,0.2949,10.0
0.1269,0.1726,0.1681,0.2522,0.2802,9.0
0.0021,0.0058,0.0252,0.3438,0.6231,8.0
0.0064,0.0359,0.3104,0.5847,0.0627,9.0
0.0062,0.0298,0.1162,0.5834,0.2644,9.0
0.0062,0.0461,0.2781,0.584,0.0857,10.0
0.0013,0.0032,0.0287,0.5253,0.4415,10.0
0.0061,0.021,0.0964,0.5815,0.295,9.0
0.0007,0.0014,0.0108,0.3145,0.6725,10.0
0.1306,0.2332,0.1391,0.22,0.277,10.0
0.1255,0.427,0.3608,0.0775,0.0092,4.0
0.0065,0.0474,0.3256,0.5695,0.051,10.0
0.0072,0.0473,0.4073,0.4989,0.0394,8.0
0.0006,0.0013,0.0047,0.1327,0.8607,10.0
0.0089,0.0255,0.055,0.3596,0.551,9.0
0.0095,0.0241,0.1874,0.4664,0.3125,9.0
0.0052,0.0616,0.4325,0.4697,0.0311,7.0
0.0524,0.4572,0.4338,0.0538,0.0028,10.0
0.0027,0.0067,0.0399,0.4733,0.4774,9.0
0.0229,0.0489,0.1024,0.3855,0.4403,10.0
0.0135,0.0388,0.0743,0.3545,0.519,8.0
0.0974,0.1858,0.2223,0.3522,0.1423,7.0
0.0968,0.1953,0.2748,0.2989,0.1343,9.0
0.0007,0.0008,0.0026,0.0721,0.9239,9.0
0.0025,0.0046,0.0274,0.9284,0.0371,0.0
0.0008,0.002,0.0119,0.1936,0.7916,8.0
0.0011,0.0009,0.0032,0.0552,0.9396,10.0
0.824,0.1574,0.0148,0.0024,0.0013,1.0
0.0005,0.001,0.007,0.3147,0.6768,10.0
0.0034,0.0081,0.0215,0.1548,0.8123,10.0
0.0074,0.0765,0.389,0.4547,0.0723,10.0
0.1338,0.2385,0.1081,0.2062,0.3135,10.0
0.0238,0.1168,0.3491,0.4549,0.0554,9.0
0.0705,0.4411,0.3663,0.1069,0.0151,8.0
0.0013,0.0095,0.1214,0.696,0.1717,9.0
0.0016,0.0127,0.1709,0.7493,0.0654,9.0
0.0006,0.001,0.0042,0.1018,0.8923,10.0
0.016,0.0969,0.506,0.353,0.0282,9.0
0.0437,0.0868,0.0489,0.7724,0.0483,10.0
0.0019,0.0022,0.0053,0.0681,0.9225,10.0
0.0079,0.0145,0.0612,0.641,0.2754,9.0
0.0023,0.0104,0.0842,0.7613,0.1419,8.0
0.001,0.0021,0.0124,0.2355,0.7491,10.0
0.0087,0.0667,0.287,0.5532,0.0844,8.0
0.0553,0.3112,0.3647,0.229,0.0398,6.0
0.0217,0.0895,0.24,0.4925,0.1562,9.0
0.0116,0.0257,0.0771,0.3003,0.5854,10.0
0.0224,0.0525,0.1543,0.4362,0.3346,10.0
0.0119,0.0363,0.1156,0.508,0.3282,8.0
0.0729,0.4096,0.3169,0.1681,0.0324,8.0
0.3443,0.4047,0.1034,0.0872,0.0604,2.0
0.0161,0.0318,0.075,0.3493,0.5278,9.0
0.131,0.581,0.2674,0.019,0.0016,7.0
0.001,0.0013,0.0027,0.0673,0.9277,9.0
0.0818,0.5222,0.3174,0.0701,0.0085,9.0
0.0647,0.2072,0.3585,0.3021,0.0675,10.0
0.0295,0.1387,0.2819,0.4268,0.123,8.0
0.0076,0.0202,0.058,0.3267,0.5875,9.0
0.2694,0.4342,0.1504,0.0907,0.0554,9.0
0.0016,0.0035,0.0111,0.2356,0.7483,10.0
0.0295,0.0524,0.0803,0.4233,0.4146,10.0
0.0677,0.5924,0.3252,0.0137,0.001,7.0
0.053,0.0771,0.0858,0.29,0.494,10.0
0.0038,0.0104,0.0266,0.3104,0.6487,8.0
0.0049,0.0163,0.1136,0.545,0.3201,9.0
0.0072,0.0218,0.1028,0.6091,0.259,10.0
0.0552,0.0826,0.0622,0.2286,0.5714,10.0
0.002,0.0025,0.0098,0.1809,0.8047,10.0
0.0411,0.1384,0.1942,0.4427,0.1836,8.0
0.0018,0.008,0.0551,0.3694,0.5658,10.0
0.0016,0.0029,0.0132,0.2632,0.719,10.0
0.1199,0.5705,0.294,0.0141,0.0015,4.0
0.0021,0.004,0.0186,0.2901,0.6852,10.0
0.0398,0.1742,0.2979,0.3957,0.0924,9.0
0.0019,0.0029,0.0129,0.3778,0.6045,0.0
0.0016,0.0101,0.078,0.8488,0.0615,8.0
0.4697,0.4108,0.0809,0.0227,0.016,8.0
0.0087,0.0236,0.0769,0.4123,0.4785,9.0
0.002,0.0036,0.011,0.1647,0.8186,0.0
0.0109,0.0507,0.1654,0.5855,0.1876,10.0
0.0433,0.2354,0.4273,0.2612,0.0328,8.0
0.0057,0.0192,0.0947,0.5634,0.3171,10.0
0.002,0.0051,0.0195,0.3406,0.6329,10.0
0.0068,0.0311,0.2421,0.6347,0.0854,9.0
0.1643,0.4579,0.2724,0.0859,0.0195,4.0
0.0413,0.4973,0.4254,0.0344,0.0017,0.0
0.0854,0.6656,0.2407,0.0078,0.0005,7.0
0.004,0.0134,0.0738,0.537,0.3717,10.0
0.1222,0.3442,0.3655,0.1151,0.053,10.0
0.0108,0.1052,0.3418,0.5259,0.0162,9.0
0.0068,0.014,0.0775,0.2687,0.633,10.0
0.0035,0.0161,0.1473,0.6319,0.2012,8.0
0.0139,0.2132,0.6306,0.1365,0.0058,9.0
0.0196,0.1249,0.3877,0.4178,0.05,7.0
0.0314,0.1242,0.1962,0.4402,0.208,9.0
0.1647,0.2427,0.2307,0.2261,0.1358,0.0
0.0212,0.112,0.2596,0.492,0.1153,10.0
0.0036,0.0165,0.0892,0.6174,0.2733,9.0
0.0023,0.0061,0.0505,0.5737,0.3675,9.0
0.004,0.0086,0.0373,0.3378,0.6123,10.0
0.0086,0.0809,0.4243,0.4564,0.0298,8.0
0.0293,0.1599,0.4448,0.3317,0.0343,8.0
0.115,0.4114,0.3015,0.1485,0.0237,6.0
0.3098,0.137,0.0595,0.1137,0.38,10.0
0.0024,0.0112,0.0729,0.6813,0.2323,9.0
0.0012,0.0294,0.5706,0.3936,0.0052,7.0
0.0109,0.1781,0.6252,0.1802,0.0057,6.0
0.0039,0.0692,0.6354,0.285,0.0065,8.0
0.0016,0.0027,0.0102,0.2537,0.7318,0.0
0.002,0.0035,0.0185,0.3193,0.6566,10.0
0.0022,0.0065,0.0278,0.4194,0.5441,9.0
0.0325,0.1244,0.1877,0.4336,0.2218,10.0
0.074,0.1639,0.3115,0.3275,0.1231,10.0
0.0933,0.2201,0.2712,0.3378,0.0775,10.0
0.0092,0.056,0.3536,0.5285,0.0526,7.0
0.0146,0.1288,0.4525,0.3769,0.0272,7.0
0.0183,0.0095,0.012,0.0545,0.9057,10.0
0.0668,0.283,0.3244,0.2713,0.0545,7.0
0.0046,0.0667,0.3961,0.5125,0.02,8.0
0.0013,0.0036,0.0375,0.4606,0.497,5.0
0.0008,0.0018,0.0117,0.2369,0.7489,10.0
0.0061,0.0281,0.2578,0.5792,0.1288,0.0
0.0102,0.011,0.0376,0.1624,0.7788,8.0
0.0087,0.0637,0.3897,0.4978,0.0401,7.0
0.0247,0.1141,0.478,0.3494,0.0338,9.0
0.0141,0.0658,0.279,0.5672,0.0738,10.0
0.0046,0.0104,0.0356,0.3376,0.6118,9.0
0.0093,0.0558,0.398,0.4834,0.0534,10.0
0.3044,0.1934,0.0754,0.1374,0.2894,8.0
0.0078,0.19,0.5583,0.2379,0.006,8.0
0.0185,0.0393,0.0914,0.4643,0.3864,10.0
0.1995,0.2262,0.1231,0.1801,0.2711,10.0
0.0116,0.1215,0.4629,0.3808,0.023,9.0
0.0098,0.0402,0.1717,0.5343,0.244,8.0
0.0407,0.2346,0.4836,0.2172,0.024,9.0
0.0075,0.0711,0.307,0.5529,0.0615,0.0
0.0634,0.4314,0.3865,0.1101,0.0085,7.0
0.0127,0.053,0.1805,0.5447,0.209,0.0
0.005,0.0317,0.2609,0.6197,0.0827,0.0
0.0943,0.4217,0.3398,0.1304,0.0138,6.0
0.3554,0.2219,0.1039,0.1313,0.1875,0.0
0.0134,0.0395,0.1077,0.5706,0.2688,10.0
0.0057,0.0132,0.0536,0.3301,0.5975,0.0
0.0104,0.0418,0.1931,0.5021,0.2527,10.0
0.0035,0.021,0.1779,0.6949,0.1027,7.0
0.1178,0.6789,0.1931,0.0092,0.001,0.0
0.0204,0.0715,0.1471,0.4093,0.3517,0.0
0.0025,0.004,0.0094,0.1338,0.8503,10.0
0.0201,0.0377,0.0711,0.3964,0.4748,0.0
0.0012,0.0041,0.0433,0.8381,0.1133,10.0
0.0082,0.0628,0.4104,0.4793,0.0393,0.0
0.0017,0.0025,0.0092,0.123,0.8635,9.0
0.0153,0.1501,0.396,0.4044,0.0342,7.0
0.0092,0.0821,0.3361,0.5221,0.0505,8.0
0.0091,0.0231,0.0637,0.2484,0.6558,10.0
0.011,0.0769,0.3953,0.4691,0.0476,8.0
0.002,0.0119,0.105,0.7665,0.1145,9.0
0.0032,0.0225,0.164,0.6229,0.1873,9.0
0.0466,0.1033,0.1039,0.3199,0.4262,9.0
0.0239,0.078,0.1778,0.491,0.2293,9.0
0.0208,0.0837,0.2736,0.541,0.0809,7.0
0.0046,0.0274,0.2526,0.6005,0.1149,9.0
0.0048,0.032,0.2376,0.6319,0.0938,10.0
0.0449,0.2914,0.4694,0.1785,0.0159,10.0
0.0029,0.0089,0.0468,0.484,0.4574,10.0
0.0091,0.0617,0.1836,0.5792,0.1663,8.0
0.0066,0.0376,0.2304,0.6083,0.117,7.0
0.0052,0.018,0.0582,0.3335,0.585,9.0
0.0164,0.0784,0.2726,0.533,0.0994,7.0
0.0052,0.0209,0.2021,0.5791,0.1928,7.0
0.0785,0.4088,0.2999,0.1785,0.0344,1.0
0.0097,0.0527,0.3471,0.5341,0.0564,0.0
0.0026,0.0222,0.2582,0.6735,0.0434,8.0
0.0046,0.0199,0.1307,0.8005,0.0443,10.0
0.0043,0.0264,0.2287,0.6659,0.0747,9.0
0.0187,0.0434,0.0881,0.3671,0.4828,10.0
0.0112,0.0663,0.4379,0.4449,0.0397,9.0
0.0118,0.1122,0.429,0.42,0.027,9.0
0.0041,0.0171,0.1041,0.5605,0.3142,10.0
0.0112,0.0626,0.1729,0.5428,0.2104,10.0
0.026,0.1189,0.2563,0.4754,0.1234,10.0
0.0142,0.036,0.0901,0.444,0.4158,10.0
0.0128,0.183,0.6099,0.1913,0.003,5.0
0.1648,0.3331,0.2625,0.1836,0.0559,9.0
0.0796,0.3754,0.3764,0.1435,0.025,8.0
0.0012,0.0065,0.1081,0.6587,0.2255,10.0
0.0404,0.0686,0.0748,0.307,0.5092,9.0
0.0288,0.0493,0.2118,0.5698,0.1403,10.0
0.0214,0.0414,0.0835,0.368,0.4857,8.0
0.0041,0.0069,0.0228,0.2684,0.6978,10.0
0.2318,0.2262,0.0982,0.1967,0.247,10.0
0.2221,0.3323,0.2723,0.1305,0.0428,10.0
0.0672,0.1485,0.1877,0.4027,0.1937,0.0
0.0011,0.0013,0.0025,0.051,0.9441,10.0
0.0027,0.0058,0.0265,0.2772,0.6877,10.0
0.0892,0.4056,0.4189,0.0819,0.0043,6.0
0.0172,0.0905,0.2496,0.4576,0.1851,10.0
0.005,0.0106,0.0311,0.2465,0.7068,10.0
0.007,0.0336,0.2186,0.642,0.0987,7.0
0.006,0.0341,0.2643,0.6247,0.0709,7.0
0.0071,0.0488,0.3079,0.5748,0.0615,9.0
0.0098,0.0369,0.0705,0.701,0.1818,8.0
0.0251,0.271,0.618,0.0827,0.0033,6.0
0.0192,0.0453,0.0685,0.2713,0.5957,10.0
0.0031,0.027,0.2163,0.6673,0.0863,7.0
0.6097,0.2707,0.066,0.033,0.0207,5.0
0.0332,0.3117,0.4904,0.1548,0.0099,7.0
0.0827,0.4544,0.3418,0.1094,0.0118,7.0
0.0042,0.0357,0.3283,0.5855,0.0463,10.0
0.4292,0.2081,0.3228,0.0204,0.0195,1.0
0.0022,0.0031,0.0071,0.1529,0.8347,10.0
0.0021,0.0086,0.0603,0.6281,0.3009,10.0
0.0147,0.051,0.1822,0.4853,0.2667,10.0
0.055,0.0448,0.0689,0.2221,0.6093,10.0
0.0083,0.0276,0.124,0.6102,0.2299,10.0
0.0356,0.2384,0.3714,0.3218,0.0328,10.0
0.0518,0.301,0.4465,0.1851,0.0155,6.0
0.0034,0.0069,0.0199,0.1588,0.8109,10.0
0.0043,0.0186,0.076,0.5573,0.3438,10.0
0.0012,0.0069,0.1122,0.6904,0.1892,7.0
0.0786,0.3228,0.3374,0.2169,0.0444,9.0
0.0235,0.0885,0.2012,0.6005,0.0864,9.0
0.6885,0.223,0.0533,0.018,0.0172,10.0
0.0282,0.0246,0.0321,0.0984,0.8166,10.0
0.0036,0.0231,0.1988,0.6423,0.1323,10.0
0.0024,0.0107,0.1278,0.6585,0.2006,10.0
0.0122,0.0562,0.2124,0.6027,0.1166,10.0
0.0018,0.0404,0.6181,0.3354,0.0043,8.0
0.0069,0.0281,0.0799,0.4746,0.4105,9.0
0.209,0.0504,0.0223,0.0391,0.6792,10.0
0.0031,0.0137,0.0709,0.5161,0.3962,10.0
0.0162,0.0209,0.041,0.1294,0.7926,10.0
0.0279,0.1615,0.2716,0.4499,0.0892,7.0
0.0065,0.0202,0.0778,0.5664,0.3291,9.0
0.0195,0.0859,0.2773,0.4949,0.1225,9.0
0.0048,0.0243,0.1171,0.6592,0.1946,8.0
0.0046,0.0071,0.0156,0.183,0.7897,10.0
0.0091,0.0258,0.0702,0.4687,0.4262,10.0
0.0146,0.1091,0.4132,0.4121,0.051,10.0
0.0244,0.0742,0.1621,0.5274,0.2119,10.0
0.0439,0.1477,0.2271,0.447,0.1343,10.0
0.0053,0.0087,0.0235,0.3543,0.6081,9.0
0.017,0.053,0.2488,0.5746,0.1067,5.0
0.0159,0.0639,0.2115,0.4464,0.2623,8.0
0.0022,0.0047,0.0293,0.3788,0.5849,10.0
0.0065,0.0679,0.3167,0.5573,0.0517,9.0
0.0029,0.0254,0.2687,0.6531,0.05,10.0
0.0015,0.0115,0.1148,0.8122,0.06,10.0
0.3704,0.5551,0.068,0.0057,0.0008,0.0
0.0558,0.1639,0.2029,0.3913,0.186,10.0
0.0059,0.0071,0.0225,0.6435,0.321,10.0
0.0081,0.0501,0.3096,0.5715,0.0607,9.0
0.3758,0.3818,0.1144,0.0947,0.0333,8.0
0.0052,0.0083,0.0199,0.2177,0.749,10.0
0.0023,0.0049,0.0215,0.332,0.6392,10.0
0.003,0.0192,0.2336,0.6894,0.0547,8.0
0.0357,0.0697,0.1126,0.4038,0.3782,10.0
0.0008,0.0032,0.06,0.752,0.184,9.0
0.0059,0.0347,0.1841,0.6015,0.1738,9.0
0.263,0.4961,0.2018,0.0311,0.008,9.0
0.0114,0.0359,0.0839,0.5153,0.3536,0.0
0.0024,0.0105,0.0749,0.5239,0.3882,10.0
0.0008,0.001,0.0037,0.0632,0.9313,10.0
0.0197,0.076,0.2812,0.5079,0.1152,9.0
0.0024,0.0181,0.121,0.6636,0.1949,10.0
0.0045,0.0947,0.6207,0.2719,0.0083,7.0
0.0067,0.0141,0.034,0.3583,0.587,9.0
0.3874,0.4286,0.1153,0.0521,0.0166,1.0
0.0132,0.0368,0.0958,0.5451,0.309,10.0
0.0005,0.0018,0.0427,0.7245,0.2306,10.0
0.0064,0.0297,0.1444,0.6507,0.1688,8.0
0.0015,0.0147,0.2191,0.721,0.0436,8.0
0.1891,0.2152,0.1513,0.203,0.2414,10.0
0.0053,0.0162,0.1531,0.7252,0.1001,7.0
0.0273,0.2455,0.4597,0.248,0.0194,10.0
0.0112,0.0355,0.0831,0.5151,0.3551,9.0
0.0021,0.0059,0.0274,0.4414,0.5231,10.0
0.0145,0.056,0.1948,0.4855,0.2491,10.0
0.0017,0.0031,0.0091,0.1513,0.8347,10.0
0.0141,0.0294,0.0523,0.3066,0.5976,0.0
0.0065,0.0088,0.0143,0.132,0.8384,10.0
0.0091,0.023,0.0586,0.364,0.5453,8.0
0.0037,0.0301,0.1681,0.6511,0.147,9.0
0.6455,0.2401,0.0523,0.0302,0.0319,0.0
0.0023,0.0049,0.0234,0.3104,0.659,10.0
0.0071,0.0536,0.3932,0.5227,0.0234,0.0
0.5703,0.356,0.0476,0.0189,0.0072,1.0
0.0013,0.0016,0.0054,0.0962,0.8956,10.0
0.0092,0.0573,0.2212,0.6337,0.0787,10.0
0.01,0.037,0.1101,0.5503,0.2926,9.0
0.0331,0.1862,0.417,0.3232,0.0405,6.0
0.0103,0.0283,0.1128,0.4845,0.3641,9.0
0.0019,0.0086,0.0376,0.4141,0.5377,10.0
0.0384,0.1562,0.3029,0.4205,0.0821,10.0
0.5242,0.4035,0.051,0.0138,0.0076,1.0
0.0096,0.0761,0.3801,0.5054,0.0287,9.0
0.1225,0.3754,0.2685,0.1982,0.0355,10.0
0.0306,0.1588,0.4203,0.347,0.0434,10.0
0.0013,0.003,0.0151,0.2829,0.6977,10.0
0.0212,0.2773,0.5507,0.1441,0.0068,8.0
0.2408,0.4537,0.2118,0.0773,0.0164,9.0
0.0046,0.012,0.039,0.1672,0.7772,10.0
0.0986,0.5304,0.3106,0.0541,0.0064,6.0
0.0019,0.0108,0.9053,0.0766,0.0054,9.0
0.0689,0.3287,0.3615,0.2042,0.0367,10.0
0.0028,0.0108,0.0745,0.5538,0.3581,10.0
0.8314,0.1518,0.0119,0.0021,0.0028,1.0
0.0376,0.1767,0.3765,0.3339,0.0753,8.0
0.0514,0.2081,0.314,0.3594,0.0672,8.0
0.0114,0.0632,0.2577,0.521,0.1468,10.0
0.0149,0.0875,0.4162,0.4612,0.0202,7.0
0.0078,0.1375,0.5854,0.2565,0.0128,0.0
0.1352,0.5491,0.2522,0.0525,0.0109,10.0
0.0517,0.1068,0.1471,0.4855,0.209,8.0
0.126,0.5452,0.2694,0.0534,0.0061,5.0
0.002,0.0045,0.0379,0.4641,0.4915,9.0
0.101,0.2236,0.1092,0.4517,0.1145,8.0
0.0025,0.0033,0.0123,0.1445,0.8374,10.0
0.011,0.0427,0.1293,0.5819,0.2352,10.0
0.0067,0.0494,0.3207,0.5799,0.0433,7.0
0.0251,0.0634,0.1536,0.3577,0.4002,10.0
0.0024,0.0049,0.0236,0.3311,0.6379,10.0
0.0074,0.014,0.0462,0.2894,0.643,9.0
0.035,0.337,0.4371,0.1788,0.012,8.0
0.0037,0.0406,0.4271,0.5092,0.0193,7.0
0.0076,0.0175,0.0659,0.4026,0.5065,9.0
0.0035,0.0314,0.2908,0.6223,0.052,10.0
0.0046,0.0091,0.029,0.2062,0.7511,10.0
0.0098,0.1346,0.4823,0.3473,0.026,8.0
0.0308,0.3781,0.4934,0.0932,0.0046,7.0
0.0329,0.1975,0.4408,0.2983,0.0305,8.0
0.0039,0.0071,0.0258,0.3148,0.6485,10.0
0.0106,0.1743,0.5718,0.2338,0.0095,7.0
0.0064,0.033,0.0922,0.5802,0.2882,10.0
0.0025,0.0044,0.0263,0.342,0.6249,10.0
0.0044,0.0234,0.1617,0.687,0.1234,7.0
0.0101,0.0315,0.0851,0.4539,0.4193,0.0
0.0308,0.1047,0.2374,0.49,0.137,10.0
0.0014,0.0025,0.011,0.1766,0.8085,10.0
0.0357,0.0977,0.2867,0.4305,0.1493,8.0
0.0008,0.0018,0.0182,0.321,0.6582,9.0
0.0146,0.0701,0.3616,0.4815,0.0722,10.0
0.0031,0.0025,0.0035,0.0287,0.9622,10.0
0.0751,0.2173,0.1607,0.5101,0.0368,8.0
0.0698,0.0727,0.0642,0.2259,0.5674,0.0
0.0701,0.1162,0.104,0.1942,0.5155,10.0
0.1561,0.2059,0.2082,0.2513,0.1784,4.0
0.0083,0.0356,0.185,0.5829,0.1882,9.0
0.0395,0.2473,0.4509,0.2462,0.0161,7.0
0.0125,0.0152,0.0187,0.1335,0.8201,10.0
0.0144,0.0483,0.1083,0.4105,0.4185,8.0
0.0698,0.1754,0.2216,0.2938,0.2394,9.0
0.0166,0.0545,0.1424,0.467,0.3196,10.0
0.0053,0.0107,0.0232,0.1871,0.7737,10.0
0.0067,0.0182,0.0601,0.4715,0.4435,8.0
0.0043,0.0132,0.0301,0.2748,0.6776,10.0
0.0081,0.0145,0.0272,0.2569,0.6933,10.0
0.0053,0.0153,0.0384,0.2093,0.7317,9.0
0.0018,0.0029,0.0167,0.3118,0.6668,8.0
0.005,0.0413,0.3787,0.5305,0.0444,7.0
0.0102,0.0563,0.2567,0.5403,0.1365,0.0
0.0157,0.1216,0.4299,0.3953,0.0375,10.0
0.0342,0.1494,0.4007,0.3662,0.0494,9.0
0.0062,0.0461,0.3007,0.5848,0.0623,10.0
0.0014,0.0062,0.085,0.6249,0.2824,10.0
0.0127,0.0501,0.1753,0.4901,0.2719,10.0
0.002,0.0214,0.2412,0.6862,0.0492,8.0
0.0227,0.0847,0.2483,0.4543,0.1899,9.0
0.0114,0.076,0.4252,0.4625,0.0249,7.0
0.0086,0.0212,0.0614,0.435,0.4739,9.0
0.0075,0.0209,0.0711,0.634,0.2666,9.0
0.105,0.0968,0.0988,0.1671,0.5323,10.0
0.0278,0.059,0.1021,0.4462,0.3649,0.0
0.0008,0.0064,0.2141,0.7351,0.0436,0.0
0.0026,0.0118,0.1842,0.6952,0.1062,7.0
0.0011,0.0018,0.0066,0.1032,0.8873,10.0
0.0253,0.0276,0.0292,0.1582,0.7597,10.0
0.0026,0.0062,0.0391,0.3409,0.6112,10.0
0.0696,0.163,0.1755,0.4037,0.1883,10.0
0.0461,0.1127,0.1576,0.422,0.2616,10.0
0.0014,0.0104,0.2661,0.6968,0.0253,0.0
0.3359,0.1498,0.0927,0.119,0.3026,10.0
0.0206,0.0308,0.0602,0.2862,0.6022,10.0
0.0029,0.0069,0.0265,0.2075,0.7562,10.0
0.0205,0.1201,0.3915,0.3775,0.0903,9.0
0.1536,0.244,0.1511,0.1526,0.2988,9.0
0.0129,0.0519,0.1571,0.6017,0.1764,9.0
0.0455,0.2133,0.4404,0.2519,0.0489,10.0
0.001,0.0152,0.1884,0.788,0.0074,8.0
0.0007,0.0011,0.0058,0.1146,0.8779,10.0
0.0125,0.0189,0.0457,0.2238,0.6991,10.0
0.0213,0.2012,0.5293,0.2202,0.028,8.0
0.0201,0.1172,0.2572,0.4339,0.1716,0.0
0.0147,0.0165,0.0149,0.0993,0.8546,10.0
0.0369,0.0985,0.2582,0.5351,0.0713,8.0
0.0038,0.0199,0.1514,0.6396,0.1852,10.0
0.0063,0.0074,0.0152,0.1753,0.7958,10.0
0.0044,0.0232,0.1354,0.5849,0.252,8.0
0.0045,0.0117,0.0414,0.4153,0.5271,10.0
0.0294,0.0765,0.09,0.4026,0.4016,10.0
0.0028,0.0119,0.1371,0.7507,0.0975,0.0
0.2815,0.3039,0.1653,0.1478,0.1015,0.0
0.0108,0.0446,0.1067,0.4576,0.3803,10.0
0.0098,0.0156,0.0352,0.2696,0.6697,0.0
0.0091,0.0146,0.0318,0.2344,0.7102,10.0
0.0007,0.0011,0.0047,0.0863,0.9072,10.0
0.0023,0.0076,0.024,0.921,0.045,8.0
0.0034,0.0037,0.0078,0.0737,0.9114,10.0
0.0026,0.013,0.0967,0.6858,0.202,10.0
0.1338,0.529,0.2613,0.0558,0.0201,10.0
0.0398,0.2041,0.3759,0.3487,0.0315,9.0
0.0274,0.0905,0.201,0.4253,0.2558,9.0
0.0783,0.172,0.1585,0.3016,0.2896,10.0
0.0022,0.0067,0.021,0.3088,0.6613,8.0
0.0688,0.114,0.0894,0.2794,0.4486,9.0
0.006,0.0262,0.1048,0.556,0.307,10.0
0.0034,0.0076,0.0409,0.5069,0.4411,10.0
0.0197,0.0668,0.231,0.5375,0.145,10.0
0.0541,0.3929,0.4343,0.1083,0.0103,6.0
0.0058,0.0189,0.0725,0.6475,0.2553,9.0
0.0012,0.003,0.0164,0.2199,0.7594,10.0
0.0007,0.0067,0.2001,0.7338,0.0586,8.0
0.0286,0.071,0.089,0.362,0.4495,8.0
0.0009,0.0015,0.0131,0.3047,0.6797,10.0
0.0019,0.0053,0.0213,0.3554,0.6162,10.0
0.0477,0.0482,0.2184,0.201,0.4848,10.0
0.0698,0.0684,0.0779,0.216,0.5679,10.0
0.049,0.2427,0.3489,0.2831,0.0763,8.0
0.0069,0.0198,0.0912,0.485,0.397,10.0
0.0231,0.1615,0.5062,0.2809,0.0283,6.0
0.0121,0.0663,0.2833,0.5603,0.0779,8.0
0.0025,0.0119,0.1675,0.7762,0.0418,9.0
0.0841,0.1275,0.1091,0.2441,0.4352,10.0
0.0568,0.2514,0.5395,0.1436,0.0087,6.0
0.0022,0.0121,0.1436,0.7228,0.1194,9.0
0.0014,0.0022,0.0079,0.1588,0.8296,10.0
0.0385,0.2979,0.449,0.2006,0.014,7.0
0.0037,0.0398,0.238,0.6702,0.0482,7.0
0.1188,0.5524,0.2737,0.05,0.0051,6.0
0.0027,0.0072,0.046,0.4057,0.5384,10.0
0.0131,0.0458,0.2597,0.413,0.2684,10.0
0.099,0.1031,0.0606,0.1922,0.5451,10.0
0.009,0.0084,0.0138,0.1274,0.8414,10.0
0.0275,0.0998,0.2738,0.4744,0.1245,6.0
0.0235,0.1686,0.4255,0.3507,0.0317,7.0
0.0035,0.0143,0.0651,0.5865,0.3305,9.0
0.005,0.0059,0.0123,0.0922,0.8845,10.0
0.1099,0.2616,0.3095,0.2328,0.0862,10.0
0.0641,0.088,0.1614,0.3724,0.3142,10.0
0.0018,0.0021,0.0043,0.0569,0.935,9.0
0.0007,0.0007,0.0017,0.026,0.9709,10.0
0.0101,0.0338,0.1254,0.5279,0.3028,9.0
0.0195,0.0564,0.112,0.4531,0.3591,9.0
0.0116,0.0402,0.1239,0.4394,0.3848,10.0
0.0018,0.0021,0.006,0.1003,0.8899,10.0
0.0024,0.0098,0.1208,0.7229,0.1441,10.0
0.0127,0.0331,0.0879,0.4879,0.3784,10.0
0.003,0.0039,0.0162,0.2123,0.7645,10.0
0.0049,0.0113,0.051,0.4682,0.4647,9.0
0.0187,0.11,0.4616,0.3394,0.0703,9.0
0.007,0.0283,0.0809,0.4885,0.3953,10.0
0.0083,0.0946,0.472,0.4037,0.0213,9.0
0.0009,0.0013,0.0045,0.0658,0.9275,10.0
0.0563,0.2291,0.3145,0.3433,0.0568,5.0
0.0198,0.0554,0.27,0.4642,0.1906,10.0
0.2604,0.2256,0.1647,0.184,0.1652,10.0
0.0035,0.0245,0.2062,0.7189,0.0469,10.0
0.0012,0.0032,0.0169,0.2583,0.7205,10.0
0.0107,0.0255,0.0948,0.5147,0.3543,10.0
0.0178,0.0597,0.21,0.4913,0.2212,10.0
0.0648,0.1542,0.3751,0.3447,0.0612,10.0
0.0029,0.0134,0.1687,0.6375,0.1775,10.0
0.0024,0.0165,0.2258,0.6207,0.1346,10.0
0.0049,0.006,0.0063,0.072,0.9109,10.0
0.0261,0.04,0.0727,0.3173,0.544,10.0
0.4947,0.3283,0.1062,0.0434,0.0274,0.0
0.0036,0.0395,0.3095,0.598,0.0494,9.0
0.0061,0.0556,0.3527,0.5596,0.026,8.0
0.0014,0.0026,0.014,0.3128,0.6692,9.0
0.0163,0.0276,0.0663,0.3223,0.5675,9.0
0.0011,0.0043,0.044,0.8666,0.084,10.0
0.0186,0.0586,0.118,0.5812,0.2237,10.0
0.0035,0.0058,0.0143,0.1583,0.8181,10.0
0.0036,0.0054,0.0101,0.0624,0.9185,10.0
0.0021,0.0064,0.0334,0.4025,0.5556,10.0
0.0106,0.0654,0.2885,0.5356,0.0997,10.0
0.2669,0.4455,0.2021,0.0662,0.0193,8.0
0.0015,0.0079,0.1054,0.7462,0.139,8.0
0.0161,0.1295,0.3999,0.3866,0.0678,8.0
0.0007,0.001,0.0036,0.0583,0.9366,10.0
0.1578,0.5807,0.1988,0.0518,0.0109,2.0
0.0234,0.0402,0.0601,0.2884,0.588,9.0
0.011,0.0091,0.0177,0.1607,0.8015,9.0
0.0045,0.0132,0.0835,0.6442,0.2545,9.0
0.0662,0.0602,0.0736,0.2289,0.5711,10.0
0.0444,0.067,0.0614,0.2995,0.5277,9.0
0.0067,0.0115,0.0669,0.6656,0.2493,7.0
0.0058,0.0094,0.0328,0.2821,0.6698,8.0
0.0606,0.1323,0.1973,0.33,0.2797,10.0
0.0042,0.0262,0.1511,0.6071,0.2114,9.0
0.0386,0.1314,0.3144,0.4332,0.0824,10.0
0.0055,0.0313,0.2144,0.6572,0.0917,10.0
0.0101,0.0674,0.4045,0.4659,0.0522,9.0
0.003,0.0082,0.0299,0.3378,0.6212,10.0
0.07,0.305,0.3897,0.2212,0.0141,7.0
0.0045,0.0136,0.0441,0.3006,0.6371,10.0
0.0273,0.0379,0.0651,0.2161,0.6536,10.0
0.0044,0.1411,0.7796,0.0735,0.0013,7.0
0.0037,0.0128,0.0363,0.4181,0.5291,10.0
0.6937,0.2321,0.0499,0.0146,0.0096,9.0
0.0031,0.0089,0.0418,0.3609,0.5853,9.0
0.0218,0.0967,0.3208,0.4476,0.113,9.0
0.002,0.0032,0.013,0.1395,0.8423,10.0
0.0083,0.0218,0.0467,0.9087,0.0146,10.0
0.2859,0.3054,0.1345,0.1334,0.1408,10.0
0.453,0.2898,0.118,0.0758,0.0634,9.0
0.0275,0.1787,0.4246,0.3433,0.0258,6.0
0.0377,0.1316,0.269,0.3744,0.1874,9.0
0.0128,0.02,0.032,0.2057,0.7295,10.0
0.0252,0.6629,0.2903,0.0208,0.0007,6.0
0.0431,0.0778,0.0754,0.3177,0.486,10.0
0.0997,0.3434,0.3048,0.1962,0.0558,9.0
0.02,0.0505,0.0932,0.373,0.4632,9.0
0.0104,0.0287,0.0414,0.7687,0.1508,8.0
0.7903,0.1985,0.0091,0.0011,0.0011,1.0
0.002,0.0039,0.0196,0.3314,0.6432,10.0
0.0414,0.2393,0.3773,0.3037,0.0383,7.0
0.0195,0.0459,0.0947,0.3888,0.4512,0.0
0.0213,0.0266,0.04,0.2329,0.6793,0.0
0.0129,0.0733,0.3336,0.4946,0.0856,9.0
0.0028,0.0034,0.0085,0.114,0.8713,9.0
0.0074,0.0266,0.112,0.5076,0.3464,0.0
0.0966,0.2773,0.2528,0.2689,0.1043,7.0
0.0513,0.0544,0.0738,0.1929,0.6277,0.0
0.0041,0.0098,0.0403,0.4307,0.5151,0.0
0.0133,0.1096,0.3597,0.4844,0.0329,0.0
0.0277,0.1297,0.4401,0.3479,0.0545,10.0
0.0092,0.0347,0.1179,0.5823,0.2559,0.0
0.0145,0.0312,0.0924,0.3886,0.4732,10.0
0.0036,0.0227,0.2184,0.609,0.1463,9.0
0.0782,0.0651,0.1216,0.3294,0.4056,9.0
0.0056,0.0354,0.3147,0.5915,0.0528,0.0
0.0387,0.0578,0.1111,0.4413,0.3511,10.0
0.0317,0.4367,0.4672,0.0617,0.0028,1.0
0.5852,0.1696,0.0397,0.0416,0.1638,10.0
0.0007,0.0019,0.0147,0.4013,0.5814,0.0
0.0581,0.1486,0.1302,0.6474,0.0156,0.0
0.0015,0.0015,0.003,0.0435,0.9504,10.0
0.0217,0.1227,0.244,0.4471,0.1646,0.0
0.0058,0.0078,0.0195,0.1246,0.8424,0.0
0.0933,0.2186,0.3085,0.3043,0.0753,0.0
0.3755,0.5659,0.0491,0.0071,0.0023,0.0
0.0019,0.0059,0.0266,0.3837,0.5819,0.0
0.0452,0.1903,0.2971,0.3723,0.0951,10.0
0.0103,0.0389,0.1701,0.5735,0.2073,0.0
0.5302,0.4177,0.0422,0.0069,0.003,0.0
0.0105,0.1285,0.4645,0.376,0.0206,8.0
0.0017,0.0046,0.0202,0.2414,0.7322,10.0
0.0105,0.052,0.2275,0.6147,0.0953,10.0
0.0146,0.0787,0.137,0.757,0.0127,8.0
0.0041,0.0032,0.0033,0.0253,0.9641,0.0
0.0031,0.0082,0.0288,0.2814,0.6784,0.0
0.0868,0.0951,0.0806,0.1853,0.5523,9.0
0.015,0.0234,0.043,0.7751,0.1434,10.0
0.0062,0.0085,0.0223,0.2128,0.7502,10.0
0.506,0.2878,0.079,0.0659,0.0612,2.0
0.0065,0.0207,0.1277,0.7294,0.1157,0.0
0.0016,0.0071,0.0948,0.6815,0.215,10.0
0.0591,0.2784,0.2915,0.3383,0.0328,8.0
0.0083,0.1077,0.5771,0.2909,0.016,0.0
0.0016,0.0016,0.0032,0.0503,0.9434,10.0
0.0117,0.0225,0.0699,0.4308,0.465,0.0
0.0151,0.0168,0.0354,0.5384,0.3943,0.0
0.003,0.006,0.0194,0.2593,0.7123,0.0
0.0122,0.0186,0.0262,0.2317,0.7112,9.0
0.3413,0.1987,0.1254,0.1736,0.1611,1.0
0.072,0.237,0.2753,0.3063,0.1093,9.0
0.0537,0.1668,0.263,0.3794,0.1371,0.0
0.0125,0.0317,0.1293,0.4914,0.3349,0.0
0.0217,0.1227,0.244,0.4471,0.1646,0.0
0.7554,0.2019,0.0208,0.0093,0.0126,9.0
0.0281,0.119,0.3448,0.3786,0.1295,10.0
0.1285,0.3504,0.3015,0.1744,0.0453,10.0
0.0008,0.0012,0.0055,0.1024,0.8901,10.0
0.0024,0.0085,0.0543,0.5344,0.4004,10.0
0.0024,0.0053,0.0163,0.2358,0.7402,10.0
0.0032,0.0494,0.4566,0.4743,0.0166,0.0
0.0608,0.3573,0.3398,0.2184,0.0236,7.0
0.0017,0.0034,0.0125,0.13,0.8524,10.0
0.0087,0.0051,0.0114,0.0326,0.9422,8.0
0.1244,0.6975,0.1623,0.0139,0.0019,6.0
0.0176,0.0394,0.1299,0.5343,0.2787,0.0
0.0007,0.0005,0.0011,0.0138,0.9839,0.0
0.2425,0.5799,0.1618,0.014,0.0017,0.0
0.0125,0.0146,0.0247,0.163,0.7852,10.0
0.5824,0.2609,0.064,0.0228,0.0699,10.0
0.0014,0.0025,0.0219,0.3507,0.6236,10.0
0.0013,0.0038,0.0132,0.2045,0.7772,9.0
0.0648,0.1022,0.1487,0.2413,0.4429,5.0
0.0127,0.1173,0.2555,0.5151,0.0994,0.0
0.5817,0.3078,0.1065,0.0029,0.001,0.0
0.1667,0.2776,0.1919,0.2058,0.1579,0.0
0.0551,0.3445,0.4691,0.122,0.0094,0.0
0.0024,0.007,0.0681,0.7234,0.1991,9.0
0.0111,0.0198,0.0377,0.2659,0.6655,0.0
0.0256,0.0908,0.1784,0.4226,0.2826,10.0
0.0031,0.0027,0.0071,0.0549,0.9322,9.0
0.8551,0.1369,0.0069,0.0004,0.0006,1.0
0.0455,0.2592,0.4118,0.2441,0.0395,7.0
0.0082,0.1169,0.4948,0.3615,0.0186,0.0
0.0044,0.0085,0.0457,0.5008,0.4406,10.0
0.0048,0.0243,0.1075,0.5628,0.3006,0.0
0.0139,0.144,0.3825,0.4341,0.0255,0.0
0.442,0.3626,0.0834,0.0577,0.0543,0.0
0.0277,0.1482,0.3936,0.3852,0.0453,7.0
0.0943,0.1512,0.0928,0.4609,0.2009,0.0
0.1058,0.3172,0.2965,0.2326,0.0479,0.0
0.0054,0.0065,0.0174,0.1679,0.8028,0.0
0.0388,0.0665,0.0842,0.4188,0.3917,0.0
0.0882,0.2919,0.2478,0.3004,0.0717,9.0
0.0296,0.2552,0.4756,0.227,0.0125,0.0
0.1634,0.2295,0.2223,0.2493,0.1355,10.0
0.0055,0.0185,0.1223,0.5224,0.3313,0.0
0.0097,0.0497,0.2364,0.5639,0.1403,0.0
0.1691,0.3725,0.2872,0.1407,0.0306,1.0
0.012,0.0842,0.3257,0.4727,0.1055,9.0
0.0858,0.226,0.1228,0.5426,0.0227,0.0
0.0223,0.2229,0.5341,0.1993,0.0215,0.0
0.0032,0.0216,0.1948,0.6296,0.1508,0.0
0.0026,0.0019,0.0021,0.019,0.9743,10.0
0.0028,0.0098,0.1334,0.5535,0.3006,0.0
0.1565,0.4093,0.2806,0.1237,0.0298,0.0
