0,1,2,3,4,5
0.011,0.0458,0.357,0.5508,0.0354,7.0
0.0097,0.0207,0.0557,0.32,0.5939,10.0
0.0058,0.0178,0.1505,0.6397,0.1862,9.0
0.0066,0.0321,0.085,0.5762,0.3001,10.0
0.0484,0.0883,0.0933,0.2916,0.4784,10.0
0.0076,0.0315,0.112,0.5256,0.3232,10.0
0.0026,0.0061,0.0214,0.2812,0.6888,10.0
0.0431,0.3085,0.4729,0.1604,0.015,7.0
0.0047,0.0777,0.5567,0.3494,0.0115,9.0
0.0803,0.25,0.2313,0.3002,0.1381,10.0
0.0031,0.009,0.0453,0.4626,0.4799,10.0
0.0063,0.0227,0.1672,0.7341,0.0697,9.0
0.0012,0.0052,0.069,0.6917,0.2329,10.0
0.0065,0.1418,0.8015,0.0489,0.0013,5.0
0.0072,0.0232,0.0974,0.5705,0.3018,9.0
0.0009,0.0033,0.0544,0.7228,0.2186,9.0
0.0014,0.007,0.0845,0.7571,0.15,9.0
0.0012,0.0042,0.05,0.5928,0.3518,8.0
0.0133,0.0191,0.0662,0.3604,0.5411,9.0
0.0018,0.0071,0.0836,0.6577,0.2498,10.0
0.0662,0.5451,0.3381,0.0483,0.0023,9.0
0.0799,0.2702,0.2853,0.2633,0.1014,9.0
0.0039,0.0225,0.1142,0.448,0.4114,10.0
0.0226,0.1477,0.4603,0.3331,0.0362,8.0
0.0222,0.1228,0.3206,0.4438,0.0906,8.0
0.0059,0.0276,0.1646,0.6907,0.1111,9.0
0.0015,0.016,0.4852,0.4738,0.0234,7.0
0.0016,0.0087,0.0681,0.9052,0.0163,8.0
0.0209,0.1168,0.3648,0.4184,0.0791,3.0
0.003,0.0106,0.1063,0.6383,0.2418,9.0
0.0018,0.02,0.3628,0.6024,0.013,8.0
0.0272,0.2701,0.545,0.1449,0.0128,9.0
0.0107,0.0938,0.4623,0.3804,0.0528,7.0
0.0453,0.3571,0.4081,0.1682,0.0213,9.0
0.0125,0.069,0.26,0.5321,0.1263,10.0
0.0013,0.0064,0.0978,0.7059,0.1887,10.0
0.1792,0.1496,0.4057,0.2046,0.061,7.0
0.0012,0.0061,0.1066,0.7455,0.1407,9.0
0.0084,0.0214,0.0436,0.3262,0.6002,8.0
0.0021,0.0039,0.0205,0.349,0.6245,9.0
0.0018,0.0275,0.4418,0.5044,0.0246,7.0
0.0032,0.0247,0.2298,0.6083,0.134,7.0
0.0073,0.048,0.2664,0.5609,0.1174,10.0
0.0046,0.0346,0.2233,0.665,0.0725,10.0
0.0042,0.0155,0.0759,0.6378,0.2666,8.0
0.1159,0.3631,0.3072,0.1797,0.0341,8.0
0.0064,0.0126,0.043,0.3793,0.5588,9.0
0.001,0.0019,0.01,0.2531,0.7339,10.0
0.3655,0.3565,0.1866,0.0698,0.0217,9.0
0.0583,0.0496,0.0564,0.1737,0.662,8.0
0.0013,0.0072,0.0895,0.7315,0.1705,10.0
0.0007,0.0009,0.008,0.1767,0.8138,8.0
0.604,0.3004,0.0563,0.0201,0.0192,10.0
0.0249,0.0567,0.1497,0.4864,0.2823,10.0
0.0186,0.0794,0.3299,0.4774,0.0948,9.0
0.0312,0.0753,0.1303,0.43,0.3332,10.0
0.0983,0.2538,0.2554,0.2647,0.1277,10.0
0.0547,0.0956,0.1096,0.2939,0.4462,10.0
0.0166,0.0735,0.2532,0.5519,0.1048,8.0
0.0119,0.0823,0.2211,0.5367,0.148,10.0
0.0015,0.0053,0.0492,0.7395,0.2045,9.0
0.0082,0.0866,0.5149,0.3579,0.0324,6.0
0.0171,0.0531,0.0739,0.3415,0.5143,10.0
0.0815,0.3493,0.3364,0.1905,0.0423,7.0
0.001,0.0036,0.0288,0.8135,0.1531,8.0
0.0068,0.0242,0.1161,0.4703,0.3825,9.0
0.1427,0.3337,0.29,0.1933,0.0403,10.0
0.0068,0.0156,0.0362,0.3167,0.6247,10.0
0.0127,0.0287,0.0791,0.3374,0.5422,10.0
0.0678,0.1226,0.1585,0.3775,0.2735,10.0
0.0007,0.0047,0.0919,0.8036,0.0991,9.0
0.0012,0.0025,0.0209,0.3616,0.6138,10.0
0.003,0.0036,0.0071,0.0487,0.9376,10.0
0.0083,0.014,0.0268,0.2123,0.7386,10.0
0.3524,0.5834,0.0587,0.0036,0.0019,3.0
0.0054,0.0825,0.6139,0.2895,0.0086,8.0
0.0055,0.0215,0.9638,0.0074,0.0017,3.0
0.0034,0.0197,0.1392,0.6891,0.1486,10.0
0.0181,0.1094,0.3745,0.4281,0.0699,10.0
0.0044,0.0106,0.0662,0.4071,0.5118,10.0
0.1781,0.2034,0.1418,0.1867,0.29,10.0
0.3764,0.2266,0.1514,0.1062,0.1394,10.0
0.0032,0.013,0.0814,0.5,0.4024,10.0
0.0413,0.3729,0.477,0.0995,0.0093,9.0
0.0558,0.0863,0.1586,0.3966,0.3027,8.0
0.0228,0.1266,0.3333,0.442,0.0753,7.0
0.0011,0.002,0.0074,0.1388,0.8507,10.0
0.0126,0.0597,0.312,0.5358,0.08,8.0
0.0526,0.434,0.4139,0.091,0.0086,7.0
0.0022,0.0076,0.1126,0.6107,0.2669,9.0
0.0034,0.0052,0.0105,0.1568,0.8241,10.0
0.0054,0.049,0.2263,0.6282,0.0911,8.0
0.034,0.0405,0.1043,0.4501,0.3711,10.0
0.0157,0.1121,0.383,0.4333,0.0558,8.0
0.001,0.0035,0.0565,0.6578,0.2811,9.0
0.5182,0.2315,0.0804,0.0681,0.1018,10.0
0.0012,0.0041,0.0173,0.2321,0.7453,10.0
0.0018,0.003,0.0095,0.1132,0.8724,8.0
0.0031,0.0029,0.0054,0.0614,0.9272,9.0
0.0015,0.0037,0.0141,0.2533,0.7275,9.0
0.0176,0.1505,0.4684,0.3417,0.0217,7.0
0.0097,0.1523,0.6406,0.1945,0.0029,7.0
0.0204,0.0099,0.0068,0.038,0.9249,10.0
0.0026,0.0097,0.0662,0.5218,0.3997,10.0
0.0075,0.1045,0.8688,0.0183,0.001,2.0
0.0355,0.5508,0.4014,0.0117,0.0006,7.0
0.0728,0.6244,0.2939,0.0082,0.0007,7.0
0.0831,0.5639,0.3283,0.0227,0.002,4.0
0.0048,0.0094,0.0419,0.292,0.652,10.0
0.1247,0.4023,0.2918,0.1394,0.0418,10.0
0.0015,0.0028,0.0105,0.1508,0.8344,9.0
0.0009,0.0015,0.0117,0.2343,0.7516,10.0
0.0275,0.2591,0.5161,0.1792,0.0183,10.0
0.0517,0.1857,0.2947,0.3804,0.0875,10.0
0.0424,0.0794,0.1284,0.3551,0.3946,10.0
0.0064,0.0342,0.1067,0.5688,0.2839,10.0
0.0018,0.0033,0.0237,0.3038,0.6675,10.0
0.0032,0.0083,0.0403,0.3634,0.5847,10.0
0.0596,0.1147,0.2475,0.338,0.2402,10.0
0.1507,0.4771,0.2816,0.067,0.0236,7.0
0.039,0.1039,0.2967,0.4554,0.105,10.0
0.0037,0.0028,0.0031,0.0433,0.9471,10.0
0.0186,0.1526,0.5272,0.2755,0.0262,9.0
0.0058,0.0449,0.2527,0.5922,0.1044,10.0
0.0018,0.0019,0.0026,0.0343,0.9594,10.0
0.0603,0.3487,0.4463,0.1324,0.0123,4.0
0.8841,0.1089,0.0053,0.0008,0.0009,1.0
0.0148,0.0268,0.0727,0.3501,0.5356,9.0
0.1514,0.5282,0.2625,0.0516,0.0062,6.0
0.2353,0.168,0.1436,0.1896,0.2634,10.0
0.0009,0.0011,0.0023,0.0417,0.954,10.0
0.0009,0.0015,0.0052,0.1351,0.8573,9.0
0.0162,0.0904,0.2207,0.5055,0.1672,10.0
0.0144,0.0691,0.1923,0.5415,0.1827,6.0
0.0767,0.3537,0.3632,0.1673,0.0392,0.0
0.0212,0.076,0.1896,0.4595,0.2538,10.0
0.0033,0.0145,0.1606,0.5697,0.2518,8.0
0.0051,0.0295,0.1477,0.5963,0.2214,10.0
0.0037,0.008,0.0174,0.1538,0.8172,10.0
0.0011,0.0011,0.0027,0.0564,0.9387,10.0
0.0011,0.0009,0.0028,0.0444,0.9509,9.0
0.0122,0.0217,0.0537,0.2876,0.6249,8.0
0.0895,0.5672,0.2623,0.0719,0.0091,7.0
0.037,0.2448,0.6396,0.0758,0.0028,4.0
0.0007,0.0009,0.0068,0.2092,0.7823,8.0
0.0101,0.0577,0.2062,0.5293,0.1967,8.0
0.0013,0.004,0.0449,0.4992,0.4505,9.0
0.0198,0.0416,0.0888,0.3628,0.487,10.0
0.0007,0.0046,0.1124,0.8226,0.0597,7.0
0.1526,0.3939,0.192,0.1664,0.0952,3.0
0.0141,0.0485,0.113,0.4813,0.3432,10.0
0.0609,0.6332,0.2945,0.0108,0.0006,7.0
0.0061,0.0248,0.1726,0.4792,0.3174,10.0
0.0023,0.0037,0.0418,0.3638,0.5883,10.0
0.0013,0.0011,0.0041,0.0432,0.9503,10.0
0.0026,0.0074,0.0299,0.4507,0.5095,8.0
0.0026,0.008,0.0447,0.4371,0.5076,5.0
0.0115,0.0483,0.1902,0.5767,0.1733,10.0
0.0175,0.0522,0.2463,0.4495,0.2344,8.0
0.232,0.342,0.1558,0.1472,0.1231,8.0
0.1677,0.1765,0.0837,0.2213,0.3507,10.0
0.0145,0.1206,0.43,0.3744,0.0606,9.0
0.1938,0.1315,0.072,0.1545,0.4482,8.0
0.0832,0.2731,0.2913,0.2656,0.0868,9.0
0.0449,0.0313,0.0419,0.1084,0.7735,10.0
0.1177,0.1565,0.1443,0.2683,0.3132,9.0
0.0995,0.5369,0.275,0.0688,0.0196,5.0
0.0015,0.0034,0.0397,0.4155,0.5399,10.0
0.0013,0.0012,0.0032,0.0348,0.9596,10.0
0.0261,0.0215,0.0351,0.2106,0.7067,9.0
0.0114,0.0466,0.1189,0.5009,0.3222,9.0
0.0133,0.1032,0.3306,0.4891,0.0638,10.0
0.0009,0.0017,0.0218,0.3932,0.5824,9.0
0.8794,0.1117,0.0072,0.0009,0.0008,1.0
0.6409,0.3198,0.0311,0.0046,0.0036,10.0
0.0676,0.1608,0.2608,0.361,0.1499,3.0
0.0605,0.0448,0.0311,0.1424,0.7211,9.0
0.0038,0.0268,0.1669,0.6349,0.1677,9.0
0.0058,0.0099,0.1062,0.5453,0.3328,10.0
0.0056,0.0077,0.0142,0.1318,0.8407,9.0
0.0368,0.0601,0.1751,0.4229,0.3051,8.0
0.0008,0.0016,0.0099,0.3087,0.6791,9.0
0.0035,0.0049,0.0166,0.1509,0.824,10.0
0.0089,0.0458,0.4141,0.4667,0.0645,10.0
0.5802,0.3843,0.0288,0.0036,0.0032,9.0
0.0036,0.0109,0.0381,0.3023,0.645,9.0
0.0024,0.0072,0.0509,0.4368,0.5028,9.0
0.0053,0.0097,0.0439,0.3204,0.6207,0.0
0.0012,0.0011,0.003,0.0662,0.9285,10.0
0.0009,0.0014,0.0123,0.2879,0.6976,8.0
0.0015,0.0019,0.0098,0.1742,0.8126,0.0
0.0006,0.0008,0.0056,0.1307,0.8623,10.0
0.0011,0.0026,0.013,0.2294,0.7539,10.0
0.0581,0.2705,0.3648,0.2667,0.0398,7.0
0.1038,0.5227,0.314,0.0524,0.0071,7.0
0.0118,0.018,0.0531,0.297,0.6201,10.0
0.1071,0.125,0.1346,0.224,0.4092,10.0
0.0148,0.0155,0.027,0.0911,0.8517,10.0
0.0014,0.0032,0.03,0.4951,0.4703,9.0
0.0512,0.0957,0.1357,0.3278,0.3896,10.0
0.0178,0.0174,0.0272,0.1463,0.7914,10.0
0.0013,0.0073,0.1471,0.751,0.0933,8.0
0.0176,0.0334,0.1474,0.4488,0.3528,9.0
0.4046,0.3021,0.1678,0.0822,0.0433,10.0
0.001,0.002,0.0087,0.116,0.8723,10.0
0.0007,0.0012,0.0083,0.1832,0.8066,10.0
0.0008,0.0005,0.0012,0.0146,0.9829,10.0
0.5226,0.2999,0.1203,0.0373,0.0198,1.0
0.0116,0.0412,0.4137,0.4401,0.0934,7.0
0.0054,0.0133,0.1854,0.6415,0.1544,8.0
0.0132,0.0314,0.111,0.458,0.3865,10.0
0.0929,0.0612,0.0392,0.1096,0.6971,9.0
0.0006,0.0033,0.0742,0.8711,0.0507,10.0
0.0017,0.003,0.0183,0.3023,0.6746,8.0
0.0013,0.0011,0.0077,0.1272,0.8627,9.0
0.0027,0.0037,0.0243,0.2251,0.7441,9.0
0.0026,0.0041,0.017,0.1871,0.7891,10.0
0.0033,0.0417,0.6001,0.3441,0.0108,9.0
0.0022,0.0022,0.0044,0.0407,0.9505,10.0
0.0007,0.0008,0.0024,0.0781,0.9181,10.0
0.0487,0.1026,0.0963,0.3478,0.4046,10.0
0.9142,0.0809,0.0037,0.0004,0.0007,1.0
0.0018,0.0017,0.0056,0.0796,0.9112,10.0
0.1615,0.5286,0.2581,0.0457,0.0061,7.0
0.0024,0.023,0.3729,0.5576,0.0442,7.0
0.0331,0.0385,0.0422,0.2138,0.6725,10.0
0.0069,0.0068,0.0096,0.0789,0.8978,10.0
0.0088,0.0116,0.0445,0.3451,0.5901,9.0
0.0148,0.0635,0.3143,0.5215,0.0858,10.0
0.0019,0.0103,0.1181,0.6374,0.2324,9.0
0.0217,0.0331,0.0386,0.1942,0.7125,10.0
0.0082,0.0071,0.0231,0.1406,0.8211,10.0
0.0558,0.0855,0.1595,0.3759,0.3233,9.0
0.0381,0.1764,0.6684,0.1101,0.007,7.0
0.0049,0.0106,0.02,0.1886,0.776,10.0
0.0035,0.0151,0.0587,0.4913,0.4315,10.0
0.0019,0.0014,0.0034,0.0303,0.963,10.0
0.0157,0.1144,0.3882,0.4314,0.0503,7.0
0.005,0.0105,0.0339,0.2981,0.6524,10.0
0.0094,0.0151,0.0498,0.2463,0.6794,9.0
0.0005,0.0006,0.0045,0.1334,0.861,10.0
0.0093,0.0138,0.0614,0.3579,0.5577,9.0
0.1106,0.5719,0.2947,0.0211,0.0016,4.0
0.0126,0.1172,0.5072,0.3438,0.0191,6.0
0.0199,0.0247,0.039,0.2363,0.6801,9.0
0.2216,0.1038,0.1069,0.1519,0.4158,9.0
0.0795,0.5425,0.3404,0.0354,0.0022,6.0
0.0872,0.4113,0.3428,0.1426,0.0162,10.0
0.0017,0.0019,0.0063,0.1098,0.8802,10.0
0.0007,0.0009,0.0039,0.1199,0.8745,8.0
0.0047,0.0282,0.1371,0.6625,0.1674,9.0
0.0007,0.0018,0.0262,0.4779,0.4933,0.0
0.0007,0.0007,0.0045,0.1286,0.8654,10.0
0.003,0.019,0.2481,0.6951,0.0348,7.0
0.0187,0.2197,0.6122,0.1417,0.0077,6.0
0.0014,0.001,0.007,0.1002,0.8904,9.0
0.0179,0.0155,0.058,0.2494,0.6593,10.0
0.0091,0.0105,0.0176,0.1559,0.8069,10.0
0.1012,0.4627,0.2422,0.1858,0.0081,8.0
0.051,0.0689,0.1404,0.3765,0.3633,10.0
0.1719,0.2357,0.1549,0.2567,0.1808,1.0
0.0109,0.2074,0.6885,0.0898,0.0034,7.0
0.3809,0.2291,0.1097,0.1261,0.1541,3.0
0.002,0.0018,0.0074,0.0792,0.9096,10.0
0.0082,0.0136,0.0908,0.3996,0.4878,10.0
0.0013,0.0026,0.0281,0.4079,0.5601,9.0
0.0009,0.0008,0.0041,0.0998,0.8944,10.0
0.5684,0.2426,0.1029,0.036,0.0502,9.0
0.0179,0.068,0.1809,0.4421,0.2911,10.0
0.0043,0.0158,0.0674,0.4293,0.4832,9.0
0.0036,0.0071,0.039,0.4249,0.5254,9.0
0.0406,0.2029,0.2379,0.3872,0.1314,9.0
0.0031,0.0143,0.1946,0.6463,0.1416,10.0
0.0166,0.0967,0.4355,0.3913,0.06,9.0
0.0006,0.0019,0.0609,0.8016,0.1349,10.0
0.0162,0.0698,0.3181,0.5118,0.0842,10.0
0.0071,0.0072,0.0094,0.0883,0.888,10.0
0.0009,0.0008,0.0055,0.0933,0.8995,8.0
0.0146,0.0103,0.0408,0.1773,0.7571,9.0
0.0124,0.014,0.0181,0.1146,0.8409,9.0
0.0094,0.1079,0.509,0.3541,0.0196,8.0
0.001,0.001,0.0062,0.1128,0.879,10.0
0.0339,0.2276,0.6067,0.1257,0.0061,8.0
0.0127,0.0421,0.1359,0.6618,0.1475,9.0
0.0176,0.0523,0.1515,0.5933,0.1853,7.0
0.0087,0.0129,0.0557,0.255,0.6677,10.0
0.9748,0.0224,0.0015,0.0003,0.001,1.0
0.0013,0.0015,0.0063,0.1246,0.8663,9.0
0.0038,0.0037,0.047,0.3515,0.5941,10.0
0.0017,0.0029,0.0179,0.2546,0.7229,8.0
0.0007,0.002,0.0383,0.6732,0.2857,8.0
0.0021,0.0021,0.0118,0.1201,0.8639,0.0
0.0194,0.0326,0.132,0.407,0.409,10.0
0.0022,0.0023,0.0156,0.1784,0.8014,9.0
0.0029,0.0133,0.1782,0.6619,0.1436,8.0
0.1964,0.1893,0.1674,0.2459,0.201,8.0
0.3045,0.2873,0.2543,0.1082,0.0456,10.0
0.0007,0.0006,0.0011,0.0199,0.9778,10.0
0.4125,0.1671,0.1355,0.108,0.1769,9.0
0.002,0.0031,0.0312,0.3446,0.6191,9.0
0.0007,0.0005,0.001,0.0112,0.9866,9.0
0.2176,0.4111,0.2938,0.0622,0.0154,7.0
0.0086,0.0092,0.017,0.1266,0.8387,10.0
0.0017,0.0014,0.0053,0.058,0.9336,9.0
0.0569,0.1876,0.2409,0.3932,0.1214,10.0
0.0016,0.0016,0.0119,0.1918,0.7931,9.0
0.1034,0.3686,0.2676,0.2162,0.0442,9.0
0.0169,0.0555,0.1704,0.5147,0.2425,9.0
0.0111,0.0248,0.0792,0.3972,0.4877,10.0
0.0153,0.0212,0.0503,0.299,0.6142,10.0
0.0011,0.0026,0.0461,0.4196,0.5305,9.0
0.0035,0.007,0.0208,0.212,0.7567,10.0
0.0116,0.0246,0.0318,0.1945,0.7376,10.0
0.1131,0.1803,0.2798,0.2501,0.1767,10.0
0.2256,0.5069,0.2232,0.0372,0.0071,1.0
0.7555,0.1695,0.0648,0.0071,0.0031,10.0
0.0144,0.0441,0.1243,0.4687,0.3484,8.0
0.0098,0.158,0.631,0.1937,0.0074,8.0
0.0052,0.0248,0.1178,0.5767,0.2756,10.0
0.0211,0.056,0.1623,0.4485,0.3121,10.0
0.0015,0.003,0.0099,0.1914,0.7942,10.0
0.0639,0.0807,0.0924,0.2194,0.5435,10.0
0.002,0.003,0.0075,0.1055,0.882,9.0
0.0555,0.0338,0.0647,0.1806,0.6655,10.0
0.0042,0.0068,0.0254,0.2333,0.7304,9.0
0.2082,0.4645,0.2122,0.0873,0.0278,8.0
0.0013,0.0013,0.004,0.0543,0.9391,10.0
0.001,0.003,0.023,0.3658,0.6072,10.0
0.0008,0.0009,0.003,0.0588,0.9366,9.0
0.0316,0.0959,0.2119,0.3808,0.2797,10.0
0.0091,0.0049,0.0114,0.0696,0.905,9.0
0.0049,0.0248,0.153,0.649,0.1683,10.0
0.3891,0.1215,0.0936,0.1119,0.2839,0.0
0.0282,0.4062,0.536,0.0286,0.001,3.0
0.0006,0.0006,0.0024,0.0482,0.9482,10.0
0.0006,0.0006,0.0027,0.0553,0.9408,10.0
0.0472,0.1708,0.2405,0.3959,0.1456,9.0
0.0041,0.0037,0.0116,0.117,0.8635,8.0
0.0105,0.916,0.0686,0.004,0.0009,5.0
0.0025,0.0051,0.0501,0.3875,0.5549,9.0
0.0041,0.0095,0.0498,0.451,0.4856,10.0
0.2256,0.4867,0.2555,0.028,0.0042,6.0
0.0016,0.0048,0.0371,0.5027,0.4539,10.0
0.003,0.0116,0.07,0.4037,0.5118,9.0
0.0755,0.2181,0.3452,0.2613,0.0998,7.0
0.001,0.0031,0.0242,0.4325,0.5392,9.0
0.0009,0.002,0.0102,0.3138,0.6731,10.0
0.0522,0.0657,0.1549,0.3082,0.419,9.0
0.0011,0.0028,0.033,0.4197,0.5434,8.0
0.0168,0.1382,0.373,0.4165,0.0555,8.0
0.0024,0.0322,0.3994,0.525,0.0409,7.0
0.0014,0.0009,0.0055,0.065,0.9271,9.0
0.5027,0.4072,0.0746,0.0097,0.0057,10.0
0.0076,0.0308,0.1255,0.5784,0.2576,10.0
0.256,0.4556,0.222,0.0624,0.0041,5.0
0.0042,0.0156,0.0704,0.5987,0.3113,8.0
0.0087,0.0104,0.033,0.1981,0.7497,9.0
0.0019,0.0025,0.0151,0.2207,0.7598,10.0
0.0609,0.5975,0.3261,0.0149,0.0007,5.0
0.1214,0.122,0.2807,0.2865,0.1894,9.0
0.0025,0.0022,0.0085,0.0735,0.9133,8.0
0.001,0.0008,0.0024,0.025,0.9708,10.0
0.0074,0.0596,0.338,0.4925,0.1024,8.0
0.0014,0.0014,0.0111,0.13,0.8562,10.0
0.0541,0.1244,0.1776,0.3336,0.3104,8.0
0.1851,0.2946,0.1426,0.3192,0.0585,8.0
0.017,0.2122,0.4673,0.2767,0.0268,10.0
0.6981,0.2437,0.0482,0.006,0.0041,2.0
0.4311,0.3532,0.125,0.0557,0.035,10.0
0.0815,0.0616,0.0722,0.1887,0.5961,10.0
0.0026,0.005,0.0196,0.2457,0.7271,10.0
0.1291,0.1705,0.1542,0.2313,0.3149,10.0
0.2786,0.5313,0.1655,0.02,0.0045,1.0
0.0045,0.007,0.0121,0.1253,0.8511,10.0
0.0013,0.0027,0.0299,0.3477,0.6184,8.0
0.2961,0.3174,0.1965,0.1195,0.0704,8.0
0.0096,0.0592,0.2901,0.5556,0.0854,8.0
0.0494,0.1987,0.4368,0.2727,0.0424,10.0
0.0135,0.0355,0.0871,0.3885,0.4754,8.0
0.0042,0.0032,0.0139,0.118,0.8607,10.0
0.0124,0.0271,0.0724,0.3459,0.5421,9.0
0.0058,0.0098,0.0567,0.2421,0.6855,9.0
0.1034,0.181,0.1918,0.3431,0.1807,10.0
0.0076,0.014,0.0423,0.249,0.6871,9.0
0.0898,0.5041,0.3533,0.0486,0.0041,1.0
0.0878,0.3745,0.4653,0.0607,0.0118,1.0
0.0047,0.031,0.1983,0.6307,0.1353,9.0
0.0055,0.0041,0.0075,0.0348,0.9481,10.0
0.1079,0.6747,0.2089,0.0077,0.0008,6.0
0.0096,0.0592,0.2901,0.5556,0.0854,9.0
0.0303,0.0636,0.1388,0.4191,0.3483,9.0
0.0281,0.0814,0.1759,0.4383,0.2763,9.0
0.0607,0.1239,0.1935,0.4025,0.2195,8.0
0.0102,0.0404,0.1357,0.5136,0.3001,10.0
0.1917,0.4703,0.202,0.0939,0.0422,10.0
0.0055,0.0075,0.0394,0.2687,0.6789,8.0
0.0013,0.0019,0.0217,0.3841,0.591,10.0
0.2514,0.3609,0.2374,0.1162,0.0342,9.0
0.0009,0.0018,0.0081,0.1797,0.8095,9.0
0.0309,0.027,0.0492,0.2251,0.6678,9.0
0.0096,0.0592,0.2901,0.5556,0.0854,9.0
0.2398,0.0783,0.1091,0.1611,0.4116,7.0
0.0948,0.1796,0.1955,0.3517,0.1784,9.0
0.0033,0.0066,0.0206,0.2205,0.749,10.0
0.0609,0.1318,0.1815,0.3658,0.26,10.0
0.0206,0.1223,0.3719,0.4037,0.0814,9.0
0.0178,0.0633,0.2024,0.5481,0.1683,10.0
0.0567,0.1134,0.1115,0.3261,0.3924,9.0
0.0039,0.0129,0.064,0.4504,0.4688,9.0
0.147,0.4311,0.2246,0.1365,0.0608,10.0
0.0633,0.2054,0.4698,0.2046,0.057,8.0
0.0378,0.078,0.1424,0.4193,0.3226,9.0
0.0033,0.0689,0.8355,0.0905,0.0018,6.0
0.0122,0.0281,0.0688,0.7232,0.1676,10.0
0.0015,0.002,0.0078,0.1513,0.8374,10.0
0.0847,0.349,0.3584,0.1852,0.0227,6.0
0.0028,0.003,0.0073,0.046,0.941,9.0
0.0019,0.0022,0.0133,0.1696,0.813,10.0
0.0786,0.2894,0.2457,0.3613,0.025,8.0
0.0459,0.1042,0.2682,0.4257,0.156,9.0
0.2853,0.1729,0.1897,0.1331,0.2189,8.0
0.0124,0.0411,0.1246,0.4836,0.3383,8.0
0.7331,0.1266,0.0451,0.0299,0.0652,9.0
0.0024,0.006,0.0573,0.4804,0.4538,9.0
0.0009,0.0014,0.0045,0.089,0.9042,10.0
0.0013,0.0068,0.0434,0.596,0.3525,10.0
0.0112,0.2025,0.6112,0.1693,0.0059,8.0
0.0014,0.0028,0.0247,0.333,0.6381,8.0
0.001,0.0008,0.0061,0.1116,0.8804,9.0
0.0036,0.0072,0.0298,0.3075,0.6518,10.0
0.0104,0.191,0.6796,0.116,0.0031,6.0
0.0065,0.0297,0.1006,0.5966,0.2666,9.0
0.2666,0.3584,0.1601,0.1333,0.0815,8.0
0.207,0.4911,0.2032,0.0808,0.0179,2.0
0.0019,0.0049,0.1133,0.6307,0.2492,9.0
0.0108,0.0138,0.029,0.2862,0.6602,9.0
0.0237,0.0555,0.1014,0.3816,0.4378,8.0
0.2847,0.3528,0.1632,0.1318,0.0675,10.0
0.0123,0.0391,0.2291,0.6033,0.1163,8.0
0.0147,0.0519,0.1857,0.4836,0.2642,9.0
0.0079,0.0519,0.3124,0.5449,0.0828,8.0
0.0407,0.0328,0.0598,0.1965,0.6702,1.0
0.0064,0.007,0.0152,0.1784,0.793,9.0
0.0041,0.0067,0.0273,0.3501,0.6117,9.0
0.0283,0.1754,0.3055,0.3909,0.0999,8.0
0.1094,0.2202,0.2143,0.2712,0.1849,8.0
0.0124,0.061,0.2119,0.5147,0.2,10.0
0.0007,0.0009,0.0045,0.0747,0.9191,9.0
0.0113,0.0712,0.237,0.4793,0.2012,8.0
0.0035,0.0108,0.0354,0.3018,0.6485,10.0
0.0084,0.0479,0.2585,0.5193,0.1659,7.0
0.0106,0.0214,0.0463,0.2308,0.691,10.0
0.1535,0.5724,0.2512,0.0207,0.0022,8.0
0.0071,0.0982,0.5155,0.361,0.0182,8.0
0.0025,0.0026,0.0088,0.1028,0.8832,10.0
0.1593,0.5354,0.2857,0.0178,0.0019,6.0
0.0023,0.0057,0.1248,0.6695,0.1977,8.0
0.0048,0.0152,0.1214,0.5576,0.301,10.0
0.0401,0.1115,0.322,0.4202,0.1063,9.0
0.0103,0.0352,0.1689,0.5481,0.2376,8.0
0.0051,0.0174,0.271,0.5961,0.1105,8.0
0.0017,0.0038,0.0219,0.3087,0.6639,10.0
0.0081,0.0424,0.3131,0.549,0.0874,10.0
0.2096,0.2787,0.1919,0.2063,0.1136,9.0
0.2446,0.3311,0.3142,0.0835,0.0265,9.0
0.166,0.4017,0.2409,0.1266,0.0648,9.0
0.0109,0.007,0.0073,0.0329,0.9419,9.0
0.0045,0.0156,0.1106,0.5838,0.2855,9.0
0.1123,0.3436,0.2987,0.1642,0.0813,7.0
0.1554,0.3384,0.2461,0.1776,0.0825,10.0
0.0372,0.2012,0.2941,0.3758,0.0918,8.0
0.0009,0.0008,0.0013,0.0209,0.9761,10.0
0.0219,0.1687,0.4107,0.3492,0.0494,9.0
0.0109,0.007,0.0073,0.0329,0.9419,10.0
0.0007,0.001,0.0036,0.0497,0.9449,9.0
0.0046,0.019,0.1489,0.6519,0.1756,6.0
0.0016,0.0178,0.3279,0.6026,0.0501,7.0
0.0006,0.0022,0.036,0.6481,0.3131,0.0
0.0115,0.0129,0.0527,0.209,0.7139,10.0
0.2931,0.468,0.1396,0.0709,0.0284,1.0
0.001,0.0012,0.0038,0.0772,0.9169,9.0
0.0021,0.0039,0.0499,0.4451,0.499,10.0
0.0014,0.0034,0.0537,0.4749,0.4665,9.0
0.064,0.3397,0.5219,0.0676,0.0068,6.0
0.0495,0.4313,0.4584,0.0561,0.0047,5.0
0.0452,0.1683,0.1617,0.3246,0.3002,10.0
0.0117,0.0196,0.0394,0.1836,0.7457,9.0
0.2115,0.622,0.1527,0.0119,0.002,3.0
0.0137,0.0143,0.0191,0.0846,0.8682,10.0
0.0739,0.137,0.1641,0.3457,0.2793,10.0
0.007,0.0386,0.1784,0.6368,0.1392,10.0
0.0014,0.0028,0.0312,0.4414,0.5232,9.0
0.0007,0.0008,0.0029,0.0691,0.9265,9.0
0.0012,0.0019,0.0176,0.278,0.7012,9.0
0.0026,0.0026,0.011,0.1628,0.8209,10.0
0.0011,0.0017,0.0121,0.1443,0.8409,10.0
0.3777,0.4394,0.1241,0.04,0.0188,0.0
0.1723,0.2165,0.1871,0.3195,0.1045,10.0
0.0011,0.0007,0.0022,0.0183,0.9777,0.0
0.0236,0.0283,0.031,0.1316,0.7855,10.0
0.0009,0.0009,0.0068,0.1488,0.8427,8.0
0.0041,0.0364,0.2595,0.63,0.0701,9.0
0.0023,0.0035,0.0124,0.1161,0.8658,9.0
0.0235,0.0827,0.3262,0.4619,0.1057,7.0
0.0519,0.1762,0.3518,0.3534,0.0667,8.0
0.0007,0.0021,0.0345,0.5959,0.3668,10.0
0.0012,0.0078,0.094,0.7258,0.1712,8.0
0.0027,0.0344,0.3778,0.5514,0.0337,8.0
0.0047,0.0262,0.1863,0.6509,0.1319,8.0
0.0062,0.0449,0.2598,0.6038,0.0855,9.0
0.0022,0.0065,0.0368,0.4779,0.4766,9.0
0.0062,0.0449,0.2598,0.6038,0.0855,9.0
0.0024,0.0046,0.0189,0.2108,0.7632,8.0
0.0041,0.0587,0.4058,0.503,0.0283,5.0
0.0014,0.0022,0.0112,0.1409,0.8443,10.0
0.0492,0.0787,0.22,0.3915,0.2606,8.0
0.9516,0.0446,0.0021,0.0005,0.0012,1.0
0.0006,0.0007,0.0029,0.0742,0.9216,9.0
0.0195,0.0725,0.3096,0.5367,0.0618,7.0
0.0303,0.3345,0.5635,0.0695,0.0023,8.0
0.0007,0.0008,0.0044,0.1435,0.8506,9.0
0.0008,0.0007,0.003,0.0828,0.9127,9.0
0.0405,0.042,0.0412,0.1888,0.6875,9.0
0.002,0.0041,0.0207,0.2112,0.762,10.0
0.0219,0.0874,0.3475,0.441,0.1022,10.0
0.0017,0.002,0.0039,0.0601,0.9324,10.0
0.0012,0.0026,0.0172,0.2442,0.7348,10.0
0.001,0.0011,0.0055,0.0824,0.91,10.0
0.0009,0.0013,0.0117,0.2392,0.7468,9.0
0.6584,0.2382,0.0426,0.0166,0.0442,10.0
0.001,0.001,0.0032,0.0544,0.9404,9.0
0.0034,0.0034,0.0085,0.0675,0.9173,10.0
0.0031,0.003,0.0041,0.0371,0.9527,10.0
0.0014,0.0017,0.0308,0.342,0.6241,8.0
0.0024,0.0022,0.0027,0.0245,0.9683,10.0
0.333,0.1758,0.1318,0.1686,0.1908,9.0
0.0066,0.0115,0.0282,0.184,0.7698,8.0
0.0006,0.0005,0.0017,0.0351,0.9621,10.0
0.0251,0.2791,0.5302,0.1521,0.0134,7.0
0.0011,0.0016,0.007,0.1103,0.8799,9.0
0.0014,0.0019,0.0075,0.1158,0.8733,10.0
0.0032,0.0088,0.0289,0.3534,0.6057,10.0
0.001,0.0022,0.017,0.282,0.6977,10.0
0.0013,0.0014,0.0028,0.0245,0.97,10.0
0.0208,0.1452,0.3153,0.4496,0.0691,9.0
0.0024,0.0024,0.013,0.1536,0.8286,10.0
0.0018,0.0028,0.0071,0.1156,0.8727,9.0
0.0007,0.0012,0.0139,0.2818,0.7024,8.0
0.0012,0.0016,0.0096,0.128,0.8596,10.0
0.0119,0.0209,0.0716,0.296,0.5996,10.0
0.001,0.0011,0.0022,0.018,0.9777,10.0
0.1945,0.3158,0.3556,0.1091,0.0249,8.0
0.0506,0.1369,0.215,0.5339,0.0637,8.0
0.0006,0.0009,0.0054,0.1872,0.8059,10.0
0.0023,0.0161,0.1223,0.7318,0.1275,10.0
0.0214,0.0156,0.0716,0.2493,0.6422,9.0
0.0005,0.0013,0.0451,0.8241,0.1291,9.0
0.8925,0.1003,0.0059,0.0007,0.0006,1.0
0.5187,0.4451,0.0343,0.0015,0.0004,4.0
0.0016,0.0021,0.012,0.1762,0.8081,10.0
0.0814,0.268,0.3157,0.2625,0.0724,9.0
0.004,0.0063,0.0272,0.2829,0.6797,9.0
0.0011,0.0018,0.0091,0.1278,0.8602,10.0
0.073,0.2003,0.303,0.3128,0.1109,10.0
0.0028,0.003,0.0102,0.1118,0.8722,9.0
0.4127,0.2062,0.0979,0.0582,0.225,10.0
0.0479,0.4194,0.3181,0.1928,0.0218,9.0
0.0039,0.0033,0.0088,0.1198,0.8643,10.0
0.0679,0.0811,0.0773,0.2804,0.4933,10.0
0.0154,0.0313,0.0619,0.3443,0.547,10.0
0.0948,0.1886,0.1553,0.2939,0.2673,10.0
0.0005,0.0011,0.011,0.7059,0.2815,9.0
0.0044,0.0457,0.5466,0.3855,0.0178,8.0
0.0781,0.1981,0.3182,0.2982,0.1074,10.0
0.0008,0.0006,0.0019,0.0424,0.9543,9.0
0.0008,0.001,0.0054,0.0864,0.9064,10.0
0.0208,0.07,0.4326,0.4267,0.05,7.0
0.002,0.0022,0.0122,0.1818,0.8018,10.0
0.0049,0.0066,0.028,0.224,0.7366,10.0
0.0115,0.0928,0.6246,0.2633,0.0077,7.0
0.0981,0.1464,0.2039,0.328,0.2236,9.0
0.1501,0.5359,0.2662,0.0434,0.0043,7.0
0.0009,0.0008,0.0029,0.0383,0.9572,10.0
0.0454,0.0652,0.0978,0.2965,0.4951,8.0
0.0009,0.0008,0.0039,0.0485,0.946,9.0
0.0285,0.048,0.4789,0.4084,0.0361,7.0
0.0067,0.0376,0.2106,0.6228,0.1222,8.0
0.1941,0.4266,0.2664,0.0869,0.026,9.0
0.0014,0.0015,0.0139,0.1702,0.813,10.0
0.4019,0.3268,0.1631,0.0716,0.0365,7.0
0.0401,0.0561,0.0639,0.3113,0.5286,0.0
0.0069,0.0443,0.259,0.5663,0.1235,10.0
0.0687,0.1358,0.1075,0.2447,0.4433,6.0
0.1363,0.4159,0.3604,0.0759,0.0115,6.0
0.0092,0.0152,0.0635,0.3868,0.5252,9.0
0.3957,0.3435,0.186,0.048,0.0268,1.0
0.0017,0.0046,0.0646,0.5022,0.4269,8.0
0.0033,0.0031,0.0131,0.163,0.8175,10.0
0.0012,0.0017,0.0153,0.2678,0.7139,10.0
0.0009,0.0072,0.1938,0.758,0.0401,8.0
0.0534,0.1056,0.1523,0.1947,0.4941,10.0
0.0069,0.0227,0.1572,0.5381,0.2751,8.0
0.0009,0.0007,0.002,0.0243,0.9721,9.0
0.0998,0.5065,0.3146,0.0713,0.0078,9.0
0.001,0.0015,0.0052,0.112,0.8802,10.0
0.0053,0.0422,0.1881,0.6155,0.1489,10.0
0.0058,0.0347,0.1686,0.6257,0.1651,9.0
0.0013,0.0013,0.0083,0.161,0.828,10.0
0.2955,0.4156,0.1988,0.0713,0.0188,8.0
0.0045,0.0144,0.0838,0.5187,0.3786,0.0
0.0097,0.0061,0.0084,0.0288,0.947,10.0
0.004,0.0035,0.0122,0.1162,0.8641,10.0
0.0008,0.001,0.0052,0.1209,0.872,10.0
0.6889,0.2724,0.032,0.0037,0.0031,1.0
0.0678,0.1226,0.1585,0.3775,0.2735,10.0
0.0012,0.0013,0.008,0.1296,0.8598,9.0
0.0209,0.1321,0.3487,0.3922,0.1061,9.0
0.003,0.0032,0.0162,0.1811,0.7965,8.0
0.0031,0.0046,0.0229,0.2168,0.7526,9.0
0.0033,0.0044,0.0083,0.1376,0.8463,10.0
0.0325,0.0888,0.2403,0.4375,0.2009,0.0
0.0033,0.0237,0.1878,0.6887,0.0966,10.0
0.5,0.2068,0.0905,0.0632,0.1394,10.0
0.0088,0.0203,0.1276,0.5919,0.2514,9.0
0.0174,0.1307,0.4165,0.3811,0.0544,7.0
0.0045,0.0144,0.0838,0.5187,0.3786,8.0
0.177,0.1512,0.154,0.2361,0.2817,9.0
0.0013,0.0021,0.0061,0.156,0.8345,10.0
0.0045,0.0144,0.0838,0.5187,0.3786,8.0
0.0007,0.0015,0.0171,0.3189,0.6618,10.0
0.0198,0.0163,0.0296,0.0666,0.8676,10.0
0.001,0.0022,0.0114,0.2319,0.7535,8.0
0.0014,0.004,0.0309,0.3624,0.6014,10.0
0.0005,0.0004,0.0017,0.0226,0.9748,9.0
0.0045,0.0144,0.0838,0.5187,0.3786,0.0
0.0085,0.0068,0.018,0.0864,0.8804,10.0
0.0403,0.0712,0.1696,0.3399,0.379,10.0
0.4389,0.4728,0.072,0.0126,0.0037,4.0
0.0134,0.0119,0.0305,0.1557,0.7886,10.0
0.0078,0.0332,0.1987,0.6006,0.1597,0.0
0.0023,0.0024,0.0078,0.1012,0.8863,10.0
0.0009,0.0009,0.0036,0.0317,0.9629,10.0
0.0045,0.0144,0.0838,0.5187,0.3786,8.0
0.0032,0.0032,0.0135,0.1846,0.7954,10.0
0.0018,0.0029,0.0272,0.335,0.633,10.0
0.0212,0.269,0.5668,0.1377,0.0052,8.0
0.0417,0.2297,0.4074,0.2764,0.0448,9.0
0.026,0.1078,0.288,0.456,0.1222,8.0
0.0119,0.0152,0.0392,0.2463,0.6875,10.0
0.0021,0.0025,0.0059,0.0947,0.8949,9.0
0.0251,0.0681,0.2276,0.4985,0.1807,10.0
0.003,0.0041,0.0073,0.119,0.8667,10.0
0.0015,0.0015,0.0045,0.0552,0.9373,9.0
0.0047,0.0071,0.0225,0.178,0.7878,9.0
0.0146,0.0829,0.3774,0.4632,0.0618,9.0
0.0046,0.0204,0.1235,0.5964,0.2551,10.0
0.0047,0.0068,0.0102,0.0636,0.9148,10.0
0.0109,0.0324,0.0918,0.4667,0.3982,10.0
0.4249,0.3349,0.1073,0.0731,0.0598,6.0
0.0012,0.0008,0.0017,0.0211,0.9752,10.0
0.1568,0.6034,0.2084,0.0283,0.003,2.0
0.0071,0.011,0.0144,0.1546,0.8129,10.0
0.1009,0.4681,0.3867,0.0414,0.0029,0.0
0.2325,0.4609,0.239,0.054,0.0136,0.0
0.0837,0.2137,0.3301,0.261,0.1114,9.0
0.0027,0.0166,0.3073,0.6212,0.0523,10.0
0.001,0.0017,0.0079,0.1244,0.8651,9.0
0.0011,0.0013,0.006,0.0949,0.8967,8.0
0.0092,0.0248,0.1055,0.3931,0.4674,9.0
0.0026,0.002,0.0103,0.0927,0.8923,6.0
0.0071,0.0183,0.2011,0.5663,0.2072,10.0
0.0014,0.0014,0.0115,0.2284,0.7573,10.0
0.098,0.5454,0.2979,0.0526,0.0061,4.0
0.0088,0.0409,0.1591,0.5885,0.2027,10.0
0.472,0.4874,0.0387,0.0014,0.0004,6.0
0.0011,0.0018,0.0073,0.1706,0.8191,10.0
0.7766,0.2003,0.0191,0.0025,0.0016,1.0
0.2094,0.4973,0.1986,0.0678,0.0269,3.0
0.0346,0.0576,0.103,0.3856,0.4192,8.0
0.0308,0.0288,0.0242,0.143,0.7732,7.0
0.0008,0.0009,0.0024,0.0465,0.9493,10.0
0.027,0.3007,0.4975,0.165,0.0097,4.0
0.001,0.0017,0.0104,0.2028,0.7841,10.0
0.0009,0.0012,0.006,0.1136,0.8783,10.0
0.0332,0.0751,0.1625,0.352,0.3773,8.0
0.005,0.0083,0.0289,0.3085,0.6493,8.0
0.0043,0.0066,0.0137,0.1494,0.8261,10.0
0.1501,0.3362,0.2685,0.1858,0.0593,7.0
0.0131,0.0258,0.0709,0.3098,0.5803,10.0
0.0015,0.0019,0.0068,0.0651,0.9247,10.0
0.0023,0.0119,0.1921,0.6293,0.1644,8.0
0.0628,0.0864,0.0761,0.2779,0.4968,5.0
0.2333,0.595,0.1565,0.0134,0.0017,4.0
0.0904,0.2478,0.3631,0.2551,0.0436,10.0
0.0174,0.0607,0.1106,0.4453,0.366,10.0
0.068,0.0675,0.0567,0.2322,0.5757,10.0
0.0029,0.0091,0.0409,0.4741,0.4731,10.0
0.0217,0.0434,0.11,0.363,0.462,8.0
0.0077,0.0461,0.2862,0.5848,0.0751,10.0
0.001,0.0037,0.0625,0.6765,0.2563,10.0
0.0359,0.2239,0.3413,0.3458,0.0532,9.0
0.0074,0.0433,0.234,0.5919,0.1234,10.0
0.0143,0.0663,0.2129,0.5499,0.1566,10.0
0.9278,0.0667,0.0036,0.0006,0.0013,2.0
0.0018,0.0103,0.1685,0.7473,0.072,9.0
0.0111,0.0176,0.0499,0.371,0.5504,9.0
0.0088,0.046,0.2265,0.5886,0.1301,10.0
0.0104,0.0604,0.1621,0.5895,0.1775,9.0
0.0018,0.0172,0.246,0.6707,0.0643,8.0
0.2268,0.4777,0.2076,0.0639,0.0239,0.0
0.002,0.0126,0.1022,0.6181,0.2651,9.0
0.0046,0.0076,0.0182,0.2428,0.7268,9.0
0.1304,0.5922,0.2283,0.042,0.007,4.0
0.0218,0.1338,0.3496,0.4405,0.0542,6.0
0.0501,0.1698,0.1729,0.5092,0.0979,8.0
0.0207,0.0666,0.1604,0.5141,0.2383,10.0
0.0201,0.0685,0.2363,0.4855,0.1895,10.0
0.0075,0.014,0.0438,0.4766,0.4582,10.0
0.6488,0.2494,0.0455,0.0241,0.0322,1.0
0.0076,0.0397,0.1905,0.622,0.1402,9.0
0.0469,0.2854,0.426,0.2236,0.0182,10.0
0.0106,0.0263,0.0585,0.435,0.4696,9.0
0.0428,0.0213,0.0146,0.0353,0.886,10.0
0.0343,0.1102,0.3185,0.4317,0.1052,8.0
0.0034,0.0654,0.5727,0.3433,0.0151,6.0
0.0243,0.1101,0.2708,0.4554,0.1394,10.0
0.0512,0.0801,0.093,0.38,0.3957,10.0
0.0014,0.0022,0.0065,0.1231,0.8668,10.0
0.0006,0.001,0.0059,0.1785,0.814,9.0
0.0153,0.2217,0.5208,0.2294,0.0128,6.0
0.0398,0.1592,0.1915,0.384,0.2255,10.0
0.0716,0.3059,0.3029,0.2597,0.0599,10.0
0.001,0.0021,0.0083,0.1455,0.8431,9.0
0.9131,0.082,0.0034,0.0006,0.001,1.0
0.0052,0.013,0.0301,0.3028,0.6489,10.0
0.0166,0.0477,0.1659,0.5679,0.202,10.0
0.0315,0.1116,0.305,0.4084,0.1435,10.0
0.0027,0.0046,0.0198,0.2682,0.7046,10.0
0.0183,0.0647,0.2306,0.5458,0.1407,10.0
0.0298,0.1739,0.3259,0.4019,0.0685,10.0
0.2857,0.3767,0.2434,0.0652,0.0291,9.0
0.0028,0.0144,0.0914,0.6752,0.2162,7.0
0.1929,0.3164,0.1803,0.2107,0.0996,8.0
0.0069,0.0531,0.3639,0.5254,0.0507,10.0
0.0308,0.1311,0.2534,0.4571,0.1276,10.0
0.1028,0.1971,0.2289,0.3197,0.1515,5.0
0.0246,0.1212,0.288,0.4838,0.0823,9.0
0.0192,0.1004,0.2291,0.4947,0.1567,10.0
0.0089,0.0248,0.0491,0.3345,0.5827,8.0
0.0551,0.1875,0.2144,0.3675,0.1756,10.0
0.1297,0.7545,0.1072,0.0076,0.0009,3.0
0.041,0.1873,0.4118,0.308,0.0519,9.0
0.0011,0.0077,0.0999,0.7452,0.1461,8.0
0.0057,0.0382,0.166,0.5674,0.2227,10.0
0.0075,0.0394,0.2161,0.607,0.13,9.0
0.0044,0.0099,0.0315,0.349,0.6053,10.0
0.2179,0.2527,0.1368,0.211,0.1816,9.0
0.0019,0.0088,0.0831,0.5674,0.3388,10.0
0.2171,0.6222,0.149,0.0101,0.0016,3.0
0.0286,0.0801,0.0929,0.392,0.4064,10.0
0.0156,0.0983,0.3831,0.4394,0.0636,10.0
0.0027,0.0101,0.0392,0.9285,0.0193,8.0
0.0666,0.2591,0.2989,0.2927,0.0827,10.0
0.0052,0.0335,0.1752,0.6015,0.1847,10.0
0.0119,0.0471,0.1829,0.4997,0.2584,10.0
0.0046,0.0102,0.0366,0.2799,0.6687,10.0
0.0012,0.0023,0.0086,0.1134,0.8744,10.0
0.051,0.1014,0.1627,0.4371,0.2478,9.0
0.0068,0.014,0.0419,0.3544,0.5829,8.0
0.2524,0.1643,0.0883,0.1288,0.3661,10.0
0.0009,0.001,0.0037,0.0621,0.9324,10.0
0.0035,0.0214,0.1613,0.7281,0.0857,10.0
0.0201,0.0961,0.3781,0.4645,0.0412,9.0
0.0876,0.182,0.2397,0.3408,0.15,8.0
0.0035,0.0034,0.0046,0.0277,0.9609,10.0
0.0044,0.0254,0.2014,0.6092,0.1596,10.0
0.1448,0.3195,0.2077,0.2099,0.1181,7.0
0.0008,0.0014,0.0065,0.1452,0.8461,10.0
0.1846,0.4936,0.2739,0.0437,0.0043,5.0
0.0013,0.0021,0.0061,0.156,0.8345,10.0
0.005,0.055,0.2819,0.6039,0.0542,7.0
0.0009,0.0009,0.0028,0.065,0.9304,10.0
0.0156,0.1153,0.3231,0.4659,0.0801,7.0
0.0175,0.0178,0.0166,0.0755,0.8726,10.0
0.0048,0.0056,0.0116,0.0829,0.8951,0.0
0.0034,0.022,0.2501,0.6269,0.0975,7.0
0.0014,0.0062,0.0441,0.4731,0.4751,8.0
0.0075,0.0319,0.1199,0.6096,0.2312,10.0
0.0039,0.0113,0.0472,0.399,0.5386,10.0
0.0035,0.0176,0.1026,0.6372,0.2392,10.0
0.0269,0.0898,0.2931,0.3988,0.1914,10.0
0.0048,0.023,0.0661,0.5463,0.3597,10.0
0.0027,0.0107,0.0801,0.53,0.3765,9.0
0.0078,0.052,0.1973,0.5758,0.167,10.0
0.0091,0.0751,0.2865,0.5085,0.1209,10.0
0.0011,0.0016,0.007,0.1438,0.8465,10.0
0.0015,0.0075,0.0463,0.5618,0.3829,9.0
0.0019,0.0026,0.0101,0.1524,0.833,10.0
0.0216,0.0718,0.1814,0.5234,0.2018,10.0
0.0113,0.0417,0.141,0.4836,0.3224,9.0
0.0214,0.0711,0.2149,0.5323,0.1604,10.0
0.0168,0.1281,0.2373,0.5241,0.0936,9.0
0.0037,0.0057,0.015,0.1249,0.8507,10.0
0.8406,0.1473,0.0086,0.0015,0.0019,1.0
0.0043,0.0196,0.0908,0.6835,0.2018,9.0
0.0166,0.0967,0.4355,0.3913,0.06,10.0
0.0024,0.0117,0.1039,0.5707,0.3113,10.0
0.0251,0.0536,0.0858,0.3261,0.5094,10.0
0.009,0.0527,0.3394,0.5464,0.0525,0.0
0.0007,0.0017,0.016,0.3753,0.6062,9.0
0.0043,0.0155,0.1148,0.6821,0.1833,9.0
0.4156,0.4723,0.1015,0.0087,0.0019,1.0
0.0291,0.0664,0.0812,0.3237,0.4996,9.0
0.0828,0.126,0.2051,0.3558,0.2303,9.0
0.0052,0.0241,0.2863,0.5943,0.0901,10.0
0.0029,0.0079,0.0456,0.4549,0.4886,10.0
0.0039,0.0099,0.0759,0.6213,0.2889,8.0
0.0091,0.052,0.1927,0.6622,0.0841,9.0
0.0042,0.0121,0.0783,0.5442,0.3612,5.0
0.0017,0.0045,0.0382,0.5623,0.3933,9.0
0.0014,0.0024,0.0066,0.0861,0.9034,10.0
0.039,0.258,0.5061,0.1739,0.023,2.0
0.0006,0.0012,0.0116,0.285,0.7016,10.0
0.6288,0.348,0.0197,0.0024,0.0011,1.0
0.0146,0.0329,0.0522,0.3976,0.5027,8.0
0.027,0.0433,0.057,0.3793,0.4933,9.0
0.0181,0.0882,0.3523,0.4089,0.1325,10.0
0.0114,0.0423,0.1356,0.5431,0.2677,10.0
0.0158,0.0212,0.0268,0.1518,0.7844,10.0
0.005,0.0452,0.294,0.6126,0.0432,9.0
0.0082,0.0273,0.0919,0.3594,0.5132,10.0
0.0027,0.0175,0.1477,0.731,0.1011,8.0
0.0032,0.0048,0.0083,0.0817,0.902,10.0
0.0221,0.1129,0.4601,0.3785,0.0264,8.0
0.0272,0.2484,0.4067,0.2929,0.0248,0.0
0.0902,0.3739,0.332,0.1757,0.0281,4.0
0.0153,0.1029,0.38,0.4422,0.0596,10.0
0.0141,0.0667,0.1901,0.5558,0.1732,10.0
0.0042,0.0674,0.5394,0.3659,0.0231,7.0
0.0126,0.0533,0.2039,0.5366,0.1935,0.0
0.0016,0.0035,0.0184,0.2929,0.6836,9.0
0.8307,0.1509,0.0143,0.0023,0.0019,1.0
0.0811,0.0636,0.0428,0.1595,0.653,10.0
0.0165,0.0831,0.2092,0.492,0.1993,8.0
0.0019,0.0082,0.1011,0.6908,0.1979,8.0
0.0042,0.0083,0.0224,0.2406,0.7245,9.0
0.0075,0.0483,0.3758,0.503,0.0655,9.0
0.0267,0.0995,0.1898,0.4566,0.2274,8.0
0.0011,0.0017,0.0044,0.0719,0.9209,10.0
0.004,0.0071,0.0207,0.2486,0.7196,10.0
0.002,0.0067,0.0724,0.5927,0.3262,10.0
0.5511,0.4134,0.0316,0.0028,0.0011,1.0
0.0144,0.0365,0.1274,0.6058,0.2158,10.0
0.015,0.0881,0.3394,0.4647,0.0927,6.0
0.0458,0.148,0.304,0.3492,0.1531,3.0
0.0044,0.0037,0.0037,0.0277,0.9605,10.0
0.012,0.0734,0.2895,0.5301,0.0949,9.0
0.1456,0.2756,0.2917,0.2324,0.0546,10.0
0.0584,0.1591,0.2767,0.3802,0.1256,9.0
0.0058,0.0308,0.2513,0.5706,0.1415,10.0
0.0237,0.0458,0.1624,0.6268,0.1413,10.0
0.0854,0.6766,0.2278,0.0094,0.0007,2.0
0.0483,0.3308,0.4414,0.1665,0.0131,9.0
0.0036,0.0177,0.1016,0.6943,0.1827,10.0
0.0112,0.0165,0.038,0.2714,0.6629,9.0
0.0027,0.002,0.0029,0.0355,0.9569,10.0
0.003,0.0045,0.0079,0.0951,0.8895,10.0
0.0024,0.0072,0.0509,0.4368,0.5028,9.0
0.0067,0.0896,0.5513,0.3347,0.0177,0.0
0.0061,0.0128,0.047,0.3341,0.6001,10.0
0.0601,0.1572,0.3141,0.3865,0.0821,10.0
0.0127,0.014,0.0157,0.0913,0.8664,10.0
0.6667,0.2319,0.0396,0.0233,0.0385,10.0
0.0207,0.1059,0.2305,0.5413,0.1016,7.0
0.028,0.0358,0.0492,0.2191,0.6679,10.0
0.3934,0.513,0.0687,0.0175,0.0073,1.0
0.0948,0.2497,0.3256,0.2343,0.0955,10.0
0.0263,0.1239,0.3241,0.4202,0.1055,6.0
0.0025,0.0066,0.0322,0.3941,0.5647,8.0
0.0054,0.0701,0.4112,0.4754,0.0379,8.0
0.0007,0.0036,0.1077,0.7877,0.1003,7.0
0.0145,0.1063,0.3181,0.5011,0.0599,0.0
0.0077,0.0674,0.3733,0.5189,0.0328,0.0
0.0146,0.0733,0.2461,0.5206,0.1454,10.0
0.0044,0.0043,0.0069,0.0592,0.9252,10.0
0.0094,0.054,0.2198,0.5797,0.1371,7.0
0.0026,0.0207,0.1884,0.7294,0.0588,6.0
0.1195,0.2695,0.2253,0.311,0.0747,10.0
0.0401,0.179,0.1803,0.5226,0.0781,8.0
0.0156,0.123,0.3548,0.4633,0.0433,10.0
0.3696,0.3829,0.145,0.0771,0.0255,0.0
0.0008,0.0011,0.0041,0.1119,0.882,10.0
0.0101,0.0427,0.3499,0.522,0.0753,10.0
0.0313,0.0363,0.0535,0.2285,0.6503,9.0
0.0499,0.3028,0.4516,0.1727,0.0229,9.0
0.1003,0.2421,0.2684,0.2787,0.1106,1.0
0.1079,0.1605,0.1386,0.2548,0.3381,10.0
0.095,0.5656,0.3182,0.0197,0.0015,6.0
0.0064,0.044,0.2377,0.6443,0.0677,7.0
0.1209,0.178,0.1648,0.287,0.2494,10.0
0.0014,0.0049,0.0538,0.589,0.3509,10.0
0.0117,0.0331,0.074,0.5042,0.377,10.0
0.0347,0.1342,0.2915,0.4088,0.1308,9.0
0.0034,0.0033,0.0056,0.0455,0.9422,10.0
0.4908,0.3809,0.0877,0.0302,0.0103,0.0
0.0022,0.0118,0.0955,0.6549,0.2357,8.0
0.0323,0.0765,0.1806,0.441,0.2697,8.0
0.0106,0.0504,0.1494,0.5184,0.2712,0.0
0.0089,0.0236,0.1091,0.5219,0.3365,9.0
0.0012,0.0019,0.0075,0.1758,0.8136,8.0
0.0014,0.0134,0.2545,0.6944,0.0364,7.0
0.0017,0.0072,0.0481,0.6746,0.2683,10.0
0.0008,0.0022,0.0234,0.4827,0.4909,9.0
0.0065,0.0323,0.1627,0.6276,0.1709,9.0
0.0061,0.011,0.0333,0.2457,0.704,0.0
0.0122,0.0522,0.1618,0.5386,0.2352,9.0
0.0069,0.0222,0.089,0.4458,0.4361,9.0
0.0066,0.0139,0.0411,0.4226,0.5158,0.0
0.0059,0.0102,0.0315,0.2336,0.7188,0.0
0.002,0.003,0.0082,0.0856,0.9013,10.0
0.0029,0.0187,0.2644,0.6394,0.0747,8.0
0.2401,0.2265,0.1901,0.214,0.1293,9.0
0.0304,0.2934,0.4484,0.2128,0.015,10.0
0.0063,0.0308,0.0983,0.5236,0.341,9.0
0.0133,0.0244,0.0946,0.4163,0.4514,0.0
0.1206,0.6043,0.2492,0.0239,0.002,0.0
0.0461,0.3549,0.4426,0.1354,0.0209,7.0
0.0138,0.1473,0.441,0.3612,0.0367,10.0
0.0401,0.2839,0.3402,0.2926,0.0432,9.0
0.0047,0.037,0.1824,0.6672,0.1087,10.0
0.0015,0.0146,0.1678,0.7474,0.0688,9.0
0.0047,0.0177,0.0568,0.4581,0.4626,10.0
0.1326,0.4028,0.304,0.1211,0.0395,7.0
0.0388,0.1231,0.1484,0.376,0.3137,10.0
0.0784,0.0628,0.043,0.1595,0.6563,10.0
0.0034,0.0081,0.0456,0.3301,0.6127,8.0
0.007,0.0293,0.2087,0.526,0.2291,10.0
0.007,0.0371,0.1362,0.6004,0.2193,10.0
0.2985,0.5442,0.1297,0.0225,0.0051,6.0
0.01,0.0649,0.2461,0.5889,0.0901,9.0
0.0045,0.0358,0.2422,0.6208,0.0966,9.0
0.0112,0.144,0.5289,0.2938,0.0222,6.0
0.0059,0.0145,0.0448,0.3829,0.552,10.0
0.013,0.0368,0.085,0.4186,0.4467,10.0
0.0009,0.0017,0.0072,0.1934,0.7969,9.0
0.0402,0.0605,0.036,0.1167,0.7465,10.0
0.0206,0.0615,0.1269,0.4124,0.3786,9.0
0.0026,0.0026,0.0042,0.9755,0.0152,10.0
0.0015,0.0029,0.0151,0.1725,0.808,10.0
0.1783,0.3707,0.2339,0.1607,0.0564,10.0
0.0408,0.2227,0.3807,0.3168,0.039,8.0
0.0066,0.0385,0.2417,0.5592,0.1539,5.0
0.0271,0.1478,0.2224,0.4559,0.1468,6.0
0.0022,0.0102,0.0847,0.7318,0.1711,9.0
0.0082,0.007,0.0089,0.0413,0.9345,10.0
0.0033,0.011,0.073,0.3773,0.5355,10.0
0.0244,0.0889,0.2031,0.5064,0.1772,10.0
0.0042,0.0459,0.2742,0.5629,0.1129,10.0
0.0028,0.0086,0.0327,0.2496,0.7063,10.0
0.0022,0.0019,0.0027,0.9707,0.0225,10.0
0.0099,0.047,0.2355,0.5595,0.1481,10.0
0.1067,0.4022,0.3229,0.1419,0.0263,10.0
0.0096,0.0515,0.2031,0.5325,0.2034,9.0
0.03,0.2876,0.5217,0.1537,0.007,0.0
0.0741,0.7488,0.1561,0.0187,0.0024,6.0
0.0112,0.0162,0.0259,0.1822,0.7646,10.0
0.008,0.0458,0.1983,0.6285,0.1194,9.0
0.0051,0.0127,0.0518,0.6569,0.2734,10.0
0.08,0.0376,0.0275,0.0585,0.7963,10.0
0.0072,0.0425,0.2475,0.5223,0.1805,8.0
0.0282,0.2263,0.499,0.2326,0.014,7.0
0.029,0.1008,0.2064,0.4145,0.2492,9.0
0.0044,0.0785,0.609,0.2999,0.0082,7.0
0.0213,0.0924,0.1838,0.4798,0.2228,8.0
0.0021,0.0077,0.0699,0.6539,0.2663,10.0
0.0022,0.0184,0.2641,0.6679,0.0474,9.0
0.0044,0.085,0.8257,0.0834,0.0015,5.0
0.0038,0.0058,0.0087,0.0974,0.8843,10.0
0.0008,0.0025,0.0297,0.4889,0.478,9.0
0.1391,0.2835,0.2129,0.2688,0.0957,4.0
0.0271,0.2177,0.443,0.2886,0.0236,10.0
0.0328,0.1483,0.2809,0.4366,0.1014,10.0
0.1403,0.3016,0.253,0.2186,0.0864,10.0
0.0062,0.0068,0.0171,0.093,0.8768,10.0
0.2207,0.392,0.2291,0.1267,0.0315,4.0
0.0049,0.0291,0.1106,0.5454,0.31,8.0
0.0106,0.0496,0.1167,0.547,0.276,9.0
0.0218,0.0934,0.295,0.4875,0.1023,7.0
0.1214,0.5073,0.2898,0.0707,0.0108,5.0
0.0183,0.0496,0.119,0.5066,0.3066,10.0
0.0084,0.1048,0.4691,0.3924,0.0253,8.0
0.0804,0.4844,0.3605,0.0683,0.0063,5.0
0.0039,0.0191,0.1416,0.6697,0.1657,7.0
0.0405,0.0627,0.0717,0.2883,0.5368,10.0
0.6406,0.2863,0.065,0.0054,0.0027,1.0
0.0553,0.3316,0.2799,0.2446,0.0886,6.0
0.001,0.001,0.0033,0.0652,0.9295,10.0
0.0193,0.1444,0.3695,0.4068,0.06,7.0
0.001,0.0027,0.0136,0.2547,0.728,10.0
0.1599,0.3804,0.2442,0.1532,0.0623,10.0
0.0086,0.0243,0.071,0.4192,0.477,10.0
0.0044,0.004,0.0102,0.0633,0.9181,10.0
0.0075,0.0451,0.2099,0.6268,0.1108,10.0
