0,1,2,3,4,5
0.0027,0.0056,0.0153,0.2498,0.7266,10.0
0.0054,0.0133,0.0265,0.9444,0.0103,8.0
0.0012,0.004,0.0174,0.8952,0.0822,8.0
0.0021,0.0574,0.7453,0.1923,0.003,9.0
0.0153,0.0235,0.0479,0.2994,0.6139,10.0
0.0223,0.307,0.5786,0.0887,0.0034,4.0
0.0951,0.2701,0.2565,0.2781,0.1002,10.0
0.0984,0.1733,0.1672,0.3709,0.1902,8.0
0.0365,0.089,0.1477,0.3932,0.3335,10.0
0.0208,0.0896,0.1957,0.481,0.213,9.0
0.0035,0.0183,0.1106,0.5282,0.3395,10.0
0.0006,0.0024,0.0455,0.7193,0.2322,8.0
0.0083,0.0357,0.1388,0.5038,0.3135,8.0
0.0015,0.0039,0.0165,0.2887,0.6894,10.0
0.0118,0.1069,0.4089,0.4226,0.0498,8.0
0.0926,0.5082,0.3346,0.0577,0.0069,6.0
0.0226,0.027,0.0355,0.1819,0.733,9.0
0.0007,0.001,0.0023,0.0535,0.9425,10.0
0.0622,0.1618,0.2128,0.3451,0.2181,10.0
0.0012,0.002,0.0059,0.1061,0.8848,10.0
0.0177,0.1024,0.3066,0.5013,0.072,8.0
0.0085,0.0109,0.0189,0.1315,0.8302,6.0
0.0101,0.0422,0.1356,0.5353,0.2768,9.0
0.0201,0.0627,0.1468,0.4054,0.3651,9.0
0.0051,0.058,0.3032,0.5575,0.0763,8.0
0.0019,0.0107,0.129,0.6838,0.1747,9.0
0.0819,0.4014,0.2978,0.1912,0.0278,10.0
0.006,0.0192,0.0935,0.4899,0.3914,10.0
0.031,0.0978,0.195,0.4858,0.1904,10.0
0.079,0.2583,0.3702,0.25,0.0425,7.0
0.0771,0.2897,0.2709,0.2796,0.0826,10.0
0.0603,0.4013,0.3449,0.1723,0.0212,10.0
0.156,0.4098,0.2727,0.1094,0.0522,10.0
0.0216,0.1665,0.4345,0.3476,0.0299,9.0
0.0547,0.117,0.1949,0.3214,0.3119,9.0
0.1544,0.3558,0.2172,0.1846,0.0879,8.0
0.0303,0.1618,0.2736,0.436,0.0983,6.0
0.004,0.0965,0.6901,0.2061,0.0034,8.0
0.0014,0.0022,0.0056,0.1353,0.8556,10.0
0.0112,0.0319,0.0782,0.5032,0.3755,6.0
0.0005,0.0021,0.036,0.5997,0.3616,9.0
0.0402,0.1546,0.2421,0.3899,0.1733,8.0
0.0128,0.0474,0.1023,0.4903,0.3471,10.0
0.2225,0.4756,0.2313,0.0516,0.019,6.0
0.1104,0.1223,0.0728,0.1333,0.5611,10.0
0.0058,0.0975,0.8185,0.074,0.0042,7.0
0.0031,0.0135,0.0629,0.6308,0.2897,9.0
0.005,0.0086,0.0225,0.2043,0.7596,10.0
0.0183,0.0219,0.0371,0.1334,0.7894,10.0
0.0038,0.0057,0.0248,0.2142,0.7516,10.0
0.0096,0.0975,0.5384,0.334,0.0204,10.0
0.0028,0.0087,0.1135,0.6442,0.2308,8.0
0.0099,0.109,0.3949,0.4406,0.0456,9.0
0.0083,0.0346,0.1767,0.5997,0.1806,9.0
0.0483,0.151,0.2922,0.3876,0.121,10.0
0.0027,0.0038,0.0084,0.1501,0.835,8.0
0.0009,0.0011,0.0081,0.2045,0.7855,9.0
0.0108,0.0241,0.0523,0.3428,0.5699,9.0
0.001,0.0033,0.0771,0.6367,0.2818,10.0
0.0008,0.0009,0.0056,0.0744,0.9183,10.0
0.0052,0.0383,0.2773,0.5981,0.0811,10.0
0.0216,0.053,0.092,0.3891,0.4444,10.0
0.0227,0.0761,0.1409,0.4631,0.2972,10.0
0.0018,0.0046,0.0244,0.3121,0.6572,10.0
0.0277,0.0298,0.0221,0.0801,0.8403,10.0
0.0028,0.0508,0.876,0.0695,0.0009,1.0
0.0165,0.0887,0.5269,0.3057,0.0623,7.0
0.0145,0.1197,0.4507,0.376,0.039,10.0
0.0098,0.0794,0.4146,0.45,0.0462,10.0
0.0019,0.0028,0.0235,0.2791,0.6927,10.0
0.0138,0.0442,0.1656,0.5271,0.2494,10.0
0.0057,0.0056,0.0142,0.1338,0.8407,10.0
0.0536,0.1603,0.2233,0.4132,0.1496,9.0
0.0041,0.0176,0.089,0.5328,0.3565,9.0
0.0041,0.0081,0.0323,0.2921,0.6634,10.0
0.006,0.008,0.0248,0.1799,0.7813,9.0
0.0106,0.0368,0.0612,0.6632,0.2282,10.0
0.0197,0.1139,0.3747,0.3969,0.0948,10.0
0.015,0.0992,0.327,0.4828,0.0761,9.0
0.009,0.0148,0.0283,0.1328,0.815,10.0
0.0008,0.0042,0.1211,0.7828,0.0911,9.0
0.0057,0.0123,0.0373,0.5624,0.3823,10.0
0.0117,0.0227,0.0504,0.3437,0.5714,10.0
0.0008,0.0007,0.0017,0.0243,0.9724,9.0
0.0191,0.0846,0.2113,0.4547,0.2303,10.0
0.0006,0.0013,0.0124,0.3845,0.6012,9.0
0.0007,0.0009,0.0068,0.2092,0.7823,10.0
0.0007,0.0027,0.0348,0.7959,0.1659,9.0
0.1424,0.6353,0.2001,0.0196,0.0027,5.0
0.1106,0.1589,0.1513,0.2877,0.2915,9.0
0.0034,0.005,0.0081,0.3989,0.5847,8.0
0.0012,0.0037,0.0361,0.527,0.4321,9.0
0.0286,0.0395,0.0831,0.3327,0.5161,10.0
0.0012,0.0016,0.0073,0.1101,0.8798,9.0
0.0133,0.0262,0.0407,0.2315,0.6883,8.0
0.0994,0.1639,0.2163,0.2828,0.2376,9.0
0.0197,0.0208,0.0392,0.2543,0.6659,8.0
0.001,0.0027,0.0259,0.4121,0.5583,8.0
0.0123,0.0909,0.333,0.4885,0.0753,10.0
0.2421,0.312,0.1843,0.1241,0.1375,1.0
0.0021,0.0112,0.207,0.7053,0.0743,7.0
0.0397,0.1294,0.2753,0.3912,0.1644,10.0
0.0045,0.0121,0.0337,0.2907,0.659,9.0
0.0017,0.004,0.0173,0.243,0.734,9.0
0.0054,0.0469,0.4879,0.435,0.0248,8.0
0.0081,0.0204,0.0871,0.4809,0.4034,9.0
0.0053,0.062,0.3038,0.5714,0.0575,10.0
0.0313,0.0762,0.1668,0.4197,0.3061,8.0
0.1357,0.3673,0.316,0.1553,0.0258,0.0
0.0127,0.0374,0.1314,0.4701,0.3484,10.0
0.0008,0.0011,0.0124,0.2466,0.7391,8.0
0.0046,0.0193,0.1987,0.5786,0.1987,10.0
0.0036,0.0229,0.1794,0.6357,0.1584,10.0
0.0097,0.064,0.2142,0.5684,0.1436,10.0
0.5267,0.4007,0.0602,0.0083,0.0041,5.0
0.0027,0.003,0.005,0.0674,0.9219,10.0
0.0031,0.0121,0.0717,0.4808,0.4323,8.0
0.0281,0.0851,0.226,0.4548,0.2061,10.0
0.034,0.205,0.426,0.2795,0.0555,7.0
0.0035,0.0028,0.0063,0.0634,0.924,9.0
0.005,0.0056,0.0087,0.0536,0.9271,10.0
0.0038,0.0058,0.0182,0.1151,0.8571,10.0
0.0382,0.1387,0.2485,0.3396,0.235,9.0
0.0122,0.0414,0.1427,0.4783,0.3255,10.0
0.0018,0.0072,0.1625,0.6421,0.1863,7.0
0.0006,0.0009,0.0127,0.3337,0.6521,9.0
0.0034,0.0037,0.0062,0.0349,0.9518,10.0
0.0024,0.0034,0.0179,0.2051,0.7713,10.0
0.0041,0.0081,0.0277,0.2624,0.6977,8.0
0.0732,0.4479,0.3761,0.0947,0.008,7.0
0.0008,0.0008,0.0038,0.0702,0.9243,10.0
0.0392,0.0684,0.1165,0.3068,0.4691,9.0
0.1133,0.6151,0.2632,0.0078,0.0007,1.0
0.0019,0.0032,0.0225,0.3418,0.6307,9.0
0.2319,0.6632,0.1022,0.0025,0.0003,8.0
0.0032,0.0297,0.3035,0.6148,0.0488,7.0
0.0676,0.185,0.1934,0.3835,0.1705,10.0
0.0275,0.0821,0.3643,0.3912,0.1349,8.0
0.002,0.0036,0.0098,0.901,0.0836,8.0
0.0107,0.0324,0.1728,0.5496,0.2345,7.0
0.0017,0.0017,0.0081,0.0966,0.8919,9.0
0.0031,0.0071,0.0716,0.6462,0.2721,9.0
0.0075,0.0103,0.0499,0.2615,0.6708,10.0
0.005,0.0093,0.0168,0.1157,0.8531,10.0
0.0022,0.0237,0.3139,0.5827,0.0775,8.0
0.0161,0.1314,0.4515,0.3684,0.0326,9.0
0.1459,0.1365,0.1353,0.3067,0.2756,9.0
0.0288,0.1021,0.2068,0.4261,0.2363,10.0
0.0425,0.266,0.4508,0.2085,0.0321,7.0
0.0569,0.1671,0.1935,0.367,0.2155,9.0
0.0054,0.006,0.02,0.1843,0.7843,10.0
0.0019,0.0129,0.2244,0.6635,0.0972,9.0
0.0957,0.1005,0.182,0.2511,0.3707,10.0
0.0007,0.001,0.0073,0.2589,0.7321,9.0
0.014,0.0147,0.0282,0.1039,0.8392,10.0
0.0886,0.1197,0.0993,0.1488,0.5437,10.0
0.0018,0.0033,0.0103,0.1888,0.7958,9.0
0.0109,0.0484,0.2395,0.6883,0.0129,0.0
0.0085,0.0797,0.4886,0.4002,0.0229,6.0
0.0009,0.001,0.0033,0.0581,0.9367,10.0
0.0008,0.0018,0.0291,0.4007,0.5677,10.0
0.002,0.024,0.5058,0.4421,0.0261,7.0
0.1859,0.4259,0.182,0.1286,0.0776,5.0
0.0343,0.1637,0.2751,0.4044,0.1226,10.0
0.0022,0.0072,0.0409,0.3865,0.5632,8.0
0.0545,0.1294,0.2468,0.3041,0.2653,8.0
0.0031,0.0124,0.0734,0.6703,0.2408,10.0
0.0144,0.0151,0.0224,0.065,0.8832,10.0
0.0005,0.0014,0.0312,0.6294,0.3376,9.0
0.0558,0.3361,0.3607,0.2082,0.0393,9.0
0.0011,0.0054,0.0794,0.7617,0.1525,6.0
0.0691,0.5933,0.3027,0.0327,0.0022,5.0
0.005,0.0317,0.2565,0.582,0.1248,10.0
0.0106,0.0214,0.0349,0.2408,0.6923,9.0
0.0006,0.0007,0.0031,0.0994,0.8962,10.0
0.0037,0.0077,0.0162,0.8676,0.1048,8.0
0.0016,0.0036,0.0178,0.2522,0.7248,9.0
0.0088,0.0121,0.0422,0.2686,0.6683,9.0
0.0096,0.0334,0.1239,0.6135,0.2196,9.0
0.0669,0.142,0.1847,0.4017,0.2046,9.0
0.0031,0.0077,0.0669,0.5182,0.404,0.0
0.2453,0.2507,0.1375,0.1769,0.1896,10.0
0.0693,0.2269,0.1507,0.3424,0.2106,9.0
0.0825,0.0965,0.0981,0.3415,0.3814,10.0
0.0058,0.0561,0.2878,0.5934,0.0568,10.0
0.0007,0.0013,0.013,0.2377,0.7472,10.0
0.0023,0.0144,0.1029,0.6612,0.2192,10.0
0.0071,0.028,0.1023,0.5364,0.3261,10.0
0.0008,0.002,0.0106,0.2052,0.7814,8.0
0.0579,0.1474,0.2142,0.2855,0.295,10.0
0.0108,0.0243,0.0631,0.4256,0.4762,10.0
0.0159,0.043,0.106,0.4428,0.3922,10.0
0.0013,0.0013,0.0067,0.0997,0.8909,10.0
0.0025,0.0167,0.1436,0.6729,0.1642,9.0
0.0385,0.153,0.3753,0.2975,0.1356,8.0
0.0017,0.0208,0.3481,0.6161,0.0134,8.0
0.0051,0.007,0.0476,0.3494,0.5909,10.0
0.0065,0.0282,0.9624,0.0023,0.0006,3.0
0.0472,0.0864,0.1464,0.3453,0.3746,10.0
0.0009,0.001,0.0048,0.1002,0.8931,10.0
0.0417,0.3091,0.422,0.2041,0.0231,5.0
0.0204,0.151,0.3725,0.3966,0.0594,10.0
0.0093,0.0199,0.1166,0.4029,0.4513,10.0
0.0081,0.0086,0.0197,0.1375,0.8261,9.0
0.0642,0.3768,0.5068,0.0498,0.0024,6.0
0.1381,0.5128,0.2347,0.0913,0.023,9.0
0.0328,0.1026,0.289,0.4467,0.1289,8.0
0.0732,0.1094,0.219,0.35,0.2484,10.0
0.2201,0.4076,0.1739,0.1265,0.0719,9.0
0.0328,0.1007,0.2062,0.5576,0.1027,9.0
0.0044,0.0052,0.0143,0.092,0.8842,9.0
0.0074,0.0153,0.0266,0.14,0.8107,10.0
0.0043,0.0088,0.041,0.4199,0.5261,9.0
0.0014,0.0015,0.0078,0.0884,0.901,9.0
0.0016,0.0064,0.0573,0.6958,0.2388,9.0
0.0049,0.0097,0.0227,0.3097,0.653,9.0
0.0044,0.0046,0.0097,0.1018,0.8795,10.0
0.1351,0.3347,0.2453,0.1915,0.0935,10.0
0.0289,0.1327,0.5134,0.2863,0.0388,6.0
0.0322,0.1664,0.4089,0.3001,0.0924,9.0
0.0048,0.0069,0.0133,0.0868,0.8882,6.0
0.0165,0.0279,0.1059,0.3449,0.5047,10.0
0.0073,0.0305,0.11,0.6002,0.252,8.0
0.0015,0.0048,0.0522,0.3494,0.592,8.0
0.0041,0.0165,0.0985,0.5417,0.3392,10.0
0.0011,0.0026,0.0133,0.251,0.732,10.0
0.0233,0.1089,0.2188,0.4241,0.2249,10.0
0.0157,0.1281,0.4252,0.4021,0.0288,10.0
0.0013,0.0014,0.0039,0.0526,0.9408,10.0
0.0013,0.0011,0.0041,0.0581,0.9355,9.0
0.0182,0.1128,0.2873,0.4571,0.1246,10.0
0.0082,0.016,0.036,0.2994,0.6404,10.0
0.0033,0.0518,0.3512,0.5657,0.0279,10.0
0.0127,0.0272,0.0492,0.2775,0.6334,8.0
0.0145,0.0288,0.0756,0.3509,0.5302,10.0
0.2473,0.5443,0.1541,0.0415,0.0128,8.0
0.0007,0.0009,0.0085,0.1842,0.8057,9.0
0.0121,0.0291,0.0542,0.2925,0.6121,9.0
0.0032,0.0199,0.0966,0.6532,0.2271,10.0
0.0015,0.0053,0.0312,0.5294,0.4327,10.0
0.0035,0.0044,0.0101,0.0553,0.9267,10.0
0.0274,0.0639,0.1103,0.4085,0.39,10.0
0.0026,0.0089,0.0517,0.4235,0.5134,7.0
0.0151,0.1017,0.4012,0.4235,0.0585,9.0
0.0239,0.0804,0.1876,0.5005,0.2075,10.0
0.0104,0.0893,0.3601,0.4664,0.0738,10.0
0.0024,0.0066,0.0359,0.4269,0.5282,10.0
0.005,0.0152,0.0887,0.3008,0.5904,10.0
0.0068,0.0332,0.271,0.5759,0.1131,9.0
0.0007,0.0024,0.0464,0.634,0.3165,10.0
0.1186,0.2243,0.3171,0.2465,0.0934,7.0
0.0431,0.0326,0.1897,0.6648,0.0697,7.0
0.0008,0.0016,0.0244,0.4048,0.5684,9.0
0.1463,0.1533,0.3564,0.3244,0.0196,7.0
0.2115,0.1673,0.4521,0.1247,0.0444,7.0
0.0016,0.0132,0.2689,0.6724,0.0439,9.0
0.0961,0.6089,0.2867,0.0076,0.0007,4.0
0.0047,0.0143,0.1522,0.797,0.0318,9.0
0.0024,0.0044,0.0423,0.3783,0.5725,9.0
0.0011,0.0059,0.1264,0.6997,0.1668,10.0
0.0044,0.0092,0.0191,0.1886,0.7788,10.0
0.0029,0.0131,0.0845,0.5676,0.3319,9.0
0.0126,0.0403,0.1507,0.4416,0.3548,9.0
0.0055,0.0164,0.0577,0.308,0.6125,9.0
0.008,0.1194,0.7331,0.1347,0.0047,7.0
0.0021,0.0038,0.0319,0.3856,0.5766,9.0
0.0287,0.0227,0.0216,0.046,0.8811,10.0
0.0353,0.0521,0.0793,0.2409,0.5925,9.0
0.0045,0.0054,0.0151,0.1601,0.8149,7.0
0.0461,0.1345,0.2218,0.3587,0.2388,9.0
0.0228,0.0537,0.1132,0.4254,0.3849,10.0
0.099,0.1909,0.233,0.2941,0.1831,10.0
0.0161,0.1014,0.2556,0.5029,0.1241,7.0
0.0059,0.0112,0.0615,0.3611,0.5603,10.0
0.1336,0.1338,0.1866,0.2633,0.2827,10.0
0.0498,0.0656,0.0802,0.167,0.6374,9.0
0.0015,0.0042,0.0313,0.5016,0.4615,7.0
0.0283,0.1248,0.2457,0.4632,0.138,9.0
0.001,0.0012,0.0034,0.0556,0.9388,9.0
0.0204,0.0638,0.1797,0.492,0.2441,9.0
0.0207,0.0505,0.0592,0.2817,0.5878,10.0
0.033,0.1419,0.2691,0.4157,0.1404,9.0
0.0102,0.0442,0.3156,0.5103,0.1197,9.0
0.0587,0.1333,0.1561,0.398,0.2539,10.0
0.1715,0.3136,0.2149,0.173,0.127,8.0
0.0007,0.001,0.0039,0.086,0.9084,8.0
0.0804,0.4656,0.4234,0.0288,0.0018,7.0
0.006,0.0497,0.3232,0.5445,0.0766,10.0
0.0079,0.048,0.1971,0.5503,0.1967,8.0
0.0021,0.0055,0.05,0.412,0.5303,8.0
0.0236,0.1078,0.6298,0.2194,0.0193,9.0
0.1493,0.2547,0.2721,0.1914,0.1325,10.0
0.0064,0.0076,0.0225,0.1032,0.8603,9.0
0.0625,0.1639,0.2243,0.3573,0.192,8.0
0.75,0.1265,0.0457,0.0218,0.056,10.0
0.0018,0.0017,0.0048,0.036,0.9557,10.0
0.0015,0.0047,0.0297,0.433,0.5311,10.0
0.0546,0.2027,0.3003,0.3579,0.0845,0.0
0.0142,0.0278,0.0849,0.2437,0.6294,9.0
0.0344,0.1326,0.2621,0.4045,0.1663,10.0
0.0141,0.1232,0.6869,0.1654,0.0105,7.0
0.3194,0.3709,0.142,0.1078,0.0599,10.0
0.0099,0.0741,0.4052,0.4739,0.0369,8.0
0.0009,0.0013,0.0042,0.0787,0.9149,10.0
0.0013,0.001,0.0047,0.0404,0.9526,9.0
0.0278,0.1369,0.4357,0.3389,0.0607,8.0
0.0316,0.1446,0.2895,0.39,0.1442,9.0
0.0386,0.0591,0.1253,0.3054,0.4717,10.0
0.0008,0.0012,0.0064,0.1152,0.8764,9.0
0.0023,0.0152,0.1776,0.632,0.1729,8.0
0.0691,0.1927,0.4559,0.1991,0.0832,5.0
0.097,0.3946,0.2747,0.1929,0.0408,9.0
0.0026,0.0028,0.0069,0.0744,0.9134,10.0
0.2291,0.297,0.1545,0.1959,0.1235,9.0
0.002,0.002,0.0129,0.1792,0.8039,10.0
0.0075,0.0111,0.0873,0.4348,0.4594,9.0
0.0846,0.5657,0.3214,0.0262,0.002,5.0
0.0207,0.0242,0.04,0.2505,0.6647,9.0
0.011,0.0334,0.1141,0.4289,0.4126,10.0
0.0512,0.1137,0.1813,0.383,0.2708,10.0
0.0115,0.0849,0.5141,0.3583,0.0312,10.0
0.0061,0.0373,0.331,0.5592,0.0664,7.0
0.4748,0.4585,0.0634,0.0026,0.0007,3.0
0.0075,0.0148,0.0507,0.331,0.596,9.0
0.0018,0.0071,0.0879,0.5477,0.3555,9.0
0.0216,0.0279,0.0284,0.6097,0.3124,8.0
0.0025,0.0156,0.1823,0.6816,0.118,10.0
0.0026,0.0136,0.1225,0.6781,0.1831,10.0
0.0891,0.1181,0.2408,0.3383,0.2137,10.0
0.17,0.3383,0.2476,0.1868,0.0573,8.0
0.0008,0.0023,0.021,0.3964,0.5795,10.0
0.0018,0.0076,0.122,0.67,0.1987,10.0
0.0075,0.0846,0.4291,0.4415,0.0373,9.0
0.1549,0.1635,0.1465,0.2602,0.2748,8.0
0.0288,0.1045,0.2847,0.4671,0.1149,9.0
0.0302,0.0959,0.1811,0.4574,0.2354,7.0
0.0019,0.002,0.017,0.2027,0.7765,10.0
0.0025,0.0147,0.1938,0.6368,0.1523,9.0
0.0057,0.0193,0.081,0.4208,0.4732,9.0
0.0052,0.0188,0.2251,0.6318,0.1191,10.0
0.0029,0.0143,0.2343,0.5899,0.1586,8.0
0.0074,0.0222,0.0452,0.3025,0.6228,9.0
0.4042,0.2569,0.1652,0.0982,0.0756,9.0
0.0132,0.0504,0.107,0.4816,0.3478,9.0
0.0029,0.0018,0.0031,0.0134,0.9788,10.0
0.0844,0.1633,0.2384,0.2595,0.2544,6.0
0.0017,0.0037,0.0316,0.3085,0.6545,10.0
0.3715,0.3352,0.1741,0.0709,0.0484,8.0
0.0015,0.0023,0.0094,0.1842,0.8026,9.0
0.4125,0.4477,0.1117,0.02,0.0082,6.0
0.0043,0.0099,0.0279,0.2365,0.7214,10.0
0.0101,0.0917,0.3904,0.4646,0.0433,9.0
0.0022,0.0023,0.0065,0.089,0.9001,10.0
0.0105,0.0112,0.0283,0.1356,0.8145,10.0
0.0091,0.018,0.0371,0.2679,0.6678,9.0
0.0316,0.0647,0.0923,0.3326,0.4788,0.0
0.0681,0.369,0.3676,0.1445,0.0508,10.0
0.0584,0.0432,0.0669,0.2293,0.6022,10.0
0.0017,0.0042,0.0307,0.3068,0.6566,10.0
0.0107,0.1419,0.5578,0.2728,0.0169,7.0
0.0093,0.0256,0.0867,0.5019,0.3765,10.0
0.0027,0.0049,0.1775,0.7478,0.0671,7.0
0.0451,0.2791,0.2305,0.4026,0.0426,7.0
0.2045,0.1676,0.1145,0.1981,0.3153,10.0
0.03,0.084,0.1889,0.4463,0.2508,8.0
0.0157,0.0392,0.1787,0.5392,0.2271,8.0
0.0084,0.0312,0.0868,0.4951,0.3786,10.0
0.0046,0.0131,0.0673,0.4404,0.4746,10.0
0.0013,0.0025,0.0091,0.1335,0.8535,9.0
0.0037,0.0055,0.0081,0.1159,0.8668,10.0
0.0038,0.0084,0.0382,0.3096,0.64,10.0
0.0214,0.0701,0.172,0.5373,0.1991,9.0
0.0177,0.1623,0.3768,0.3665,0.0767,10.0
0.0161,0.0679,0.1723,0.5095,0.2342,10.0
0.0269,0.0694,0.1472,0.344,0.4125,10.0
0.0555,0.1038,0.1366,0.3984,0.3057,10.0
0.1965,0.1492,0.1629,0.1755,0.3158,10.0
0.2813,0.5918,0.1187,0.007,0.0012,6.0
0.0049,0.0121,0.0623,0.4165,0.5043,9.0
0.0493,0.1852,0.2512,0.3865,0.1279,9.0
0.0593,0.2479,0.2885,0.3233,0.0811,7.0
0.004,0.0069,0.0145,0.1427,0.8319,10.0
0.0011,0.0023,0.0369,0.5875,0.3722,8.0
0.011,0.0314,0.142,0.4072,0.4083,9.0
0.0108,0.0762,0.2645,0.4991,0.1494,10.0
0.0059,0.0107,0.0251,0.1519,0.8064,10.0
0.0013,0.001,0.0038,0.0452,0.9487,10.0
0.0097,0.0436,0.1903,0.54,0.2165,9.0
0.2359,0.5725,0.1781,0.0113,0.0021,4.0
0.0292,0.0407,0.0885,0.2737,0.5679,10.0
0.0018,0.0119,0.2957,0.6483,0.0424,5.0
0.0009,0.001,0.0032,0.0706,0.9243,10.0
0.0013,0.0011,0.0021,0.0111,0.9844,10.0
0.008,0.0091,0.0253,0.1153,0.8423,10.0
0.0052,0.0049,0.0147,0.1576,0.8176,10.0
0.0119,0.0871,0.3526,0.4501,0.0983,8.0
0.0012,0.0015,0.0258,0.3309,0.6405,9.0
0.0027,0.0023,0.0066,0.0437,0.9447,10.0
0.0016,0.0034,0.0118,0.2174,0.7657,10.0
0.0007,0.0017,0.018,0.3182,0.6614,8.0
0.0025,0.0048,0.0277,0.2603,0.7047,8.0
0.0214,0.1132,0.3454,0.4669,0.053,10.0
0.0024,0.0064,0.0336,0.3238,0.6338,8.0
0.0062,0.1146,0.6812,0.1907,0.0073,6.0
0.0015,0.0029,0.0087,0.0931,0.8938,8.0
0.024,0.0534,0.1203,0.415,0.3874,10.0
0.0013,0.0066,0.0818,0.6124,0.2979,10.0
0.0068,0.025,0.086,0.4315,0.4506,10.0
0.0016,0.0025,0.0058,0.0847,0.9054,9.0
0.0563,0.1089,0.1419,0.3861,0.3069,9.0
0.006,0.0355,0.3252,0.5672,0.0661,10.0
0.0057,0.0154,0.0293,0.2611,0.6884,10.0
0.0128,0.0719,0.2255,0.5399,0.1499,10.0
0.0919,0.3222,0.3789,0.1878,0.0191,9.0
0.0779,0.2753,0.4797,0.146,0.0211,0.0
0.0007,0.0006,0.002,0.026,0.9707,10.0
0.0085,0.0207,0.1399,0.4999,0.331,9.0
0.0009,0.0014,0.0165,0.3369,0.6444,8.0
0.003,0.0029,0.0032,0.0366,0.9543,10.0
0.278,0.365,0.1495,0.1199,0.0875,8.0
0.0028,0.0054,0.0168,0.2017,0.7733,10.0
0.0632,0.1264,0.1665,0.4105,0.2333,10.0
0.0274,0.202,0.4775,0.2511,0.0419,5.0
0.0069,0.0072,0.0115,0.0939,0.8805,10.0
0.0414,0.121,0.2497,0.3277,0.2602,9.0
0.0587,0.1768,0.2954,0.3676,0.1014,7.0
0.0013,0.0036,0.0416,0.415,0.5385,10.0
0.0119,0.041,0.1512,0.4111,0.3847,9.0
0.0018,0.0019,0.0158,0.3609,0.6196,8.0
0.0781,0.159,0.2392,0.33,0.1937,8.0
0.0054,0.0182,0.0925,0.561,0.323,9.0
0.0082,0.0152,0.0414,0.1513,0.784,8.0
0.0061,0.0163,0.052,0.332,0.5937,10.0
0.0015,0.0027,0.0133,0.1535,0.829,9.0
0.0017,0.0017,0.009,0.1232,0.8644,7.0
0.0011,0.0074,0.1226,0.7374,0.1314,8.0
0.0055,0.0216,0.0448,0.8903,0.0378,8.0
0.0371,0.0442,0.0472,0.2293,0.6422,7.0
0.0018,0.0033,0.0137,0.1967,0.7845,7.0
0.2299,0.167,0.2532,0.1653,0.1847,0.0
0.1951,0.236,0.2551,0.1916,0.1222,10.0
0.0332,0.0942,0.1383,0.3174,0.4169,10.0
0.004,0.0035,0.0046,0.0477,0.9403,8.0
0.0061,0.0131,0.0477,0.3743,0.5586,10.0
0.0019,0.0011,0.0018,0.0129,0.9822,10.0
0.0043,0.0323,0.2315,0.599,0.133,9.0
0.0728,0.1952,0.184,0.3441,0.204,10.0
0.0012,0.0011,0.005,0.0987,0.894,9.0
0.0079,0.0501,0.3389,0.5385,0.0646,7.0
0.0069,0.0056,0.0233,0.2802,0.684,9.0
0.3379,0.6049,0.0525,0.004,0.0008,4.0
0.0012,0.0014,0.0075,0.1351,0.8547,9.0
0.0067,0.0173,0.0446,0.3323,0.5991,10.0
0.0017,0.003,0.0127,0.1512,0.8314,10.0
0.0034,0.0105,0.0361,0.4232,0.5268,10.0
0.0057,0.0525,0.3913,0.5095,0.041,10.0
0.0587,0.2444,0.3243,0.2995,0.0731,9.0
0.0018,0.0067,0.1244,0.677,0.1902,9.0
0.0021,0.0021,0.0064,0.0725,0.917,10.0
0.0148,0.0735,0.2649,0.5262,0.1205,9.0
0.1408,0.2559,0.1901,0.2518,0.1614,10.0
0.0124,0.0414,0.1844,0.5894,0.1724,10.0
0.0024,0.0118,0.096,0.6831,0.2066,10.0
0.1317,0.1331,0.222,0.2258,0.2874,9.0
0.0012,0.001,0.0042,0.0818,0.9119,10.0
0.2339,0.3211,0.3002,0.1066,0.0381,8.0
0.007,0.0088,0.0199,0.1313,0.833,10.0
0.0158,0.0472,0.1195,0.4658,0.3517,8.0
0.0464,0.0272,0.057,0.1617,0.7077,10.0
0.0094,0.099,0.5589,0.3218,0.0109,9.0
0.0008,0.001,0.0026,0.053,0.9424,10.0
0.0897,0.2511,0.2671,0.3214,0.0708,10.0
0.0256,0.067,0.1913,0.4134,0.3028,8.0
0.0033,0.0074,0.0505,0.4488,0.49,8.0
0.0017,0.0079,0.0395,0.9355,0.0155,8.0
0.0106,0.0231,0.0515,0.2918,0.623,10.0
0.0019,0.0264,0.4366,0.5131,0.022,5.0
0.0075,0.0444,0.2667,0.4972,0.1842,8.0
0.0013,0.0059,0.0739,0.6416,0.2773,6.0
0.0077,0.0351,0.153,0.5256,0.2786,10.0
0.0279,0.085,0.4036,0.4016,0.0819,7.0
0.007,0.0319,0.136,0.4971,0.3281,10.0
0.008,0.0167,0.047,0.3096,0.6187,9.0
0.0017,0.0026,0.01,0.1158,0.8699,9.0
0.0014,0.0049,0.0317,0.5207,0.4414,7.0
0.6679,0.3127,0.0182,0.0008,0.0005,1.0
0.0021,0.0048,0.0259,0.3292,0.6381,9.0
0.0105,0.0365,0.1295,0.566,0.2574,10.0
0.0223,0.1246,0.6323,0.2076,0.0132,8.0
0.0011,0.0007,0.0023,0.016,0.9799,0.0
0.0093,0.0449,0.1078,0.5236,0.3145,10.0
0.0222,0.0796,0.1608,0.4445,0.2929,10.0
0.0225,0.0255,0.0318,0.1651,0.7551,10.0
0.01,0.0295,0.0868,0.4589,0.4147,10.0
0.0026,0.0023,0.0162,0.1444,0.8345,9.0
0.0018,0.0054,0.0715,0.7113,0.21,9.0
0.0659,0.2245,0.1895,0.3332,0.1869,9.0
0.0084,0.0203,0.1011,0.4456,0.4246,10.0
0.0052,0.0151,0.0749,0.5059,0.3988,9.0
0.0014,0.0024,0.0142,0.2695,0.7125,9.0
0.0021,0.0038,0.014,0.1933,0.7868,10.0
0.0782,0.0771,0.0631,0.1629,0.6187,10.0
0.0198,0.1278,0.4159,0.3919,0.0446,9.0
0.005,0.0317,0.31,0.5678,0.0855,10.0
0.0087,0.0067,0.0097,0.0409,0.934,10.0
0.0415,0.1535,0.2729,0.3434,0.1886,10.0
0.1693,0.5245,0.2014,0.0835,0.0214,10.0
0.4458,0.3276,0.0839,0.0586,0.0841,10.0
0.0467,0.148,0.2915,0.3905,0.1233,0.0
0.0603,0.2272,0.4241,0.2474,0.0409,7.0
0.0425,0.0608,0.0727,0.3189,0.5051,10.0
0.0011,0.0039,0.0165,0.2789,0.6995,9.0
0.0632,0.1789,0.2205,0.3105,0.2269,10.0
0.0058,0.0158,0.062,0.4533,0.4632,10.0
0.0394,0.194,0.3082,0.3419,0.1165,10.0
0.078,0.11,0.1054,0.207,0.4996,9.0
0.0052,0.0534,0.4159,0.4794,0.0461,0.0
0.0048,0.0196,0.1101,0.6263,0.2392,10.0
0.0022,0.0111,0.0915,0.6379,0.2574,8.0
0.028,0.0522,0.1909,0.4613,0.2677,0.0
0.0018,0.0072,0.0384,0.4303,0.5224,7.0
0.0209,0.0606,0.1476,0.4622,0.3086,8.0
0.0187,0.2785,0.5275,0.1603,0.015,8.0
0.0994,0.3009,0.2494,0.2375,0.1128,7.0
0.8697,0.1189,0.0085,0.0014,0.0014,10.0
0.0114,0.0387,0.1701,0.5083,0.2715,8.0
0.0022,0.0062,0.0707,0.482,0.4389,10.0
0.069,0.1295,0.1855,0.335,0.281,7.0
0.0078,0.0586,0.3214,0.4849,0.1274,9.0
0.0293,0.1073,0.2212,0.4605,0.1818,10.0
0.0039,0.0065,0.0212,0.3785,0.59,10.0
0.0075,0.0231,0.1848,0.6168,0.1678,9.0
0.2132,0.4157,0.2574,0.0853,0.0284,10.0
0.0037,0.0074,0.0302,0.2327,0.726,8.0
0.0679,0.3082,0.3443,0.2378,0.0418,10.0
0.0089,0.0736,0.2918,0.5367,0.0891,10.0
0.0178,0.1409,0.5617,0.2587,0.0209,10.0
0.0264,0.0404,0.0366,0.5211,0.3755,8.0
0.0033,0.0073,0.0273,0.2558,0.7063,8.0
0.0119,0.0504,0.1167,0.5125,0.3085,10.0
0.0116,0.0706,0.2759,0.5256,0.1164,10.0
0.0119,0.063,0.4449,0.4424,0.0379,9.0
0.0016,0.0037,0.0223,0.3376,0.6348,10.0
0.3549,0.2495,0.0868,0.1322,0.1766,10.0
0.0414,0.0808,0.1047,0.3091,0.4641,8.0
0.0369,0.0848,0.1593,0.4003,0.3187,9.0
0.0201,0.1065,0.4941,0.3439,0.0355,9.0
0.1136,0.386,0.2938,0.1687,0.038,10.0
0.0014,0.0018,0.0066,0.1102,0.88,8.0
0.0646,0.2751,0.4441,0.1837,0.0325,9.0
0.0662,0.1632,0.1778,0.337,0.2558,10.0
0.0152,0.1172,0.4003,0.3819,0.0855,9.0
0.0323,0.1494,0.2662,0.4305,0.1216,9.0
0.0079,0.0046,0.0059,0.0343,0.9474,8.0
0.0128,0.0406,0.1083,0.3915,0.4468,10.0
0.0191,0.084,0.1875,0.4765,0.2329,7.0
0.0044,0.0088,0.027,0.1959,0.7639,10.0
0.025,0.1105,0.1658,0.43,0.2687,10.0
0.0091,0.0509,0.2483,0.5547,0.137,0.0
0.0321,0.2186,0.3628,0.3398,0.0467,10.0
0.0801,0.1458,0.1267,0.3255,0.3221,10.0
0.0011,0.0022,0.0133,0.2872,0.6962,10.0
0.0034,0.0061,0.016,0.1599,0.8147,10.0
0.019,0.0911,0.1809,0.4948,0.2142,10.0
0.0117,0.0293,0.0674,0.3786,0.513,9.0
0.0555,0.1814,0.3403,0.2881,0.1348,10.0
0.0044,0.0114,0.0512,0.6891,0.2439,9.0
0.0019,0.0062,0.0325,0.3872,0.5722,10.0
0.0009,0.0014,0.006,0.1632,0.8285,0.0
0.0022,0.0089,0.0971,0.6791,0.2127,7.0
0.0029,0.0105,0.0516,0.5293,0.4057,9.0
0.0072,0.0113,0.0519,0.5306,0.3989,9.0
0.0026,0.0168,0.1789,0.7113,0.0904,9.0
0.0011,0.0021,0.0099,0.2113,0.7756,10.0
0.0342,0.0748,0.1073,0.3633,0.4204,9.0
0.0009,0.0012,0.0047,0.1308,0.8625,0.0
0.0051,0.0121,0.0454,0.2997,0.6377,8.0
0.0013,0.0038,0.0528,0.5774,0.3648,8.0
0.0753,0.2788,0.3794,0.2075,0.0589,8.0
0.0022,0.0056,0.0252,0.4586,0.5085,9.0
0.0387,0.1388,0.3518,0.3714,0.0993,9.0
0.0522,0.1512,0.2089,0.3975,0.1902,10.0
0.0022,0.0052,0.0271,0.201,0.7645,9.0
0.0047,0.0115,0.0406,0.5773,0.3659,10.0
0.044,0.0755,0.0948,0.3116,0.4741,10.0
0.0172,0.0377,0.1028,0.3799,0.4624,10.0
0.0011,0.0045,0.0664,0.621,0.307,9.0
0.1588,0.1976,0.1766,0.2363,0.2308,9.0
0.0018,0.0051,0.0429,0.6753,0.2749,9.0
0.0074,0.0081,0.0149,0.1789,0.7907,7.0
0.0031,0.0043,0.0154,0.1342,0.8431,9.0
0.0075,0.0811,0.4831,0.3983,0.0301,9.0
0.0017,0.0022,0.0055,0.0843,0.9064,10.0
0.0093,0.025,0.0686,0.4256,0.4715,10.0
0.1008,0.2456,0.2216,0.2769,0.1552,9.0
0.0029,0.0211,0.2678,0.6289,0.0792,9.0
0.0333,0.1855,0.4816,0.2751,0.0246,10.0
0.0023,0.0041,0.0141,0.175,0.8045,8.0
0.0871,0.5574,0.3215,0.0311,0.0029,1.0
0.0023,0.005,0.0223,0.2724,0.698,0.0
0.0012,0.0102,0.177,0.7731,0.0385,6.0
0.002,0.0048,0.0319,0.4087,0.5525,10.0
0.0269,0.0806,0.1778,0.4257,0.289,0.0
0.0009,0.0052,0.077,0.7409,0.1759,8.0
0.0077,0.0351,0.1443,0.5504,0.2624,10.0
0.0022,0.0029,0.0089,0.1261,0.8598,8.0
0.0115,0.0651,0.3031,0.4994,0.121,9.0
0.0015,0.0022,0.0071,0.1119,0.8773,10.0
0.0239,0.0402,0.067,0.3176,0.5512,6.0
0.0018,0.0035,0.0141,0.2189,0.7618,0.0
0.0037,0.0391,0.3629,0.5471,0.0472,9.0
0.0012,0.0024,0.0193,0.2766,0.7004,8.0
0.0296,0.095,0.1576,0.4134,0.3044,10.0
0.0173,0.1139,0.3516,0.4668,0.0504,8.0
0.0279,0.0639,0.1377,0.3449,0.4257,0.0
0.0026,0.0063,0.0335,0.418,0.5396,9.0
0.0066,0.0196,0.0851,0.5308,0.3578,9.0
0.0449,0.0711,0.0699,0.5531,0.261,0.0
0.0012,0.0054,0.0607,0.574,0.3586,8.0
0.04,0.192,0.3508,0.3443,0.0729,9.0
0.0049,0.0197,0.0817,0.6157,0.278,10.0
0.0158,0.1992,0.6598,0.1196,0.0055,6.0
0.0135,0.0655,0.1495,0.5167,0.2548,10.0
0.0125,0.0432,0.3038,0.4555,0.1849,10.0
0.0112,0.0965,0.4219,0.416,0.0544,10.0
0.0046,0.01,0.0269,0.2265,0.7321,9.0
0.0115,0.2088,0.6637,0.1119,0.0041,7.0
0.003,0.0071,0.0249,0.321,0.644,10.0
0.0087,0.0144,0.0283,0.2563,0.6923,10.0
0.171,0.2397,0.2676,0.2098,0.112,7.0
0.0009,0.0014,0.006,0.1632,0.8285,8.0
0.0072,0.0311,0.157,0.6047,0.2,7.0
0.1181,0.2994,0.1936,0.2093,0.1795,9.0
0.0013,0.0033,0.0192,0.3149,0.6614,10.0
0.0047,0.0093,0.0262,0.1984,0.7615,10.0
0.0007,0.0047,0.0845,0.8564,0.0537,9.0
0.0009,0.0017,0.0103,0.236,0.7512,10.0
0.0007,0.0017,0.0095,0.2203,0.7678,10.0
0.0137,0.0778,0.3292,0.4786,0.1007,8.0
0.0047,0.0234,0.1192,0.6027,0.25,8.0
0.0092,0.0117,0.0188,0.154,0.8063,10.0
0.0143,0.0517,0.1302,0.5065,0.2971,9.0
0.0158,0.0883,0.3339,0.4713,0.0907,0.0
0.2573,0.4988,0.1923,0.0427,0.0089,6.0
0.0018,0.0042,0.0145,0.9219,0.0576,0.0
0.0197,0.061,0.1532,0.4845,0.2816,9.0
0.0107,0.0766,0.5505,0.3416,0.0205,8.0
0.0946,0.0614,0.06,0.1629,0.6211,10.0
0.0203,0.2908,0.5323,0.1448,0.0118,4.0
0.0234,0.0422,0.1132,0.3991,0.422,10.0
0.7037,0.2136,0.068,0.0108,0.0039,9.0
0.0042,0.0103,0.0175,0.274,0.694,10.0
0.0328,0.1903,0.4068,0.3172,0.053,10.0
0.0043,0.0186,0.072,0.5312,0.374,9.0
0.0007,0.0014,0.0038,0.0851,0.909,9.0
0.005,0.0088,0.0136,0.1419,0.8307,9.0
0.0196,0.0578,0.2413,0.4772,0.2042,0.0
0.0157,0.1941,0.5304,0.2386,0.0212,3.0
0.0271,0.0675,0.0918,0.3927,0.4208,9.0
0.0028,0.0065,0.0192,0.2303,0.7412,10.0
0.0058,0.0382,0.1848,0.61,0.1613,10.0
0.1038,0.4811,0.3496,0.0588,0.0067,3.0
0.0945,0.2334,0.1433,0.5078,0.021,10.0
0.023,0.1529,0.3685,0.4047,0.0509,10.0
0.0106,0.0327,0.0786,0.4376,0.4405,10.0
0.0113,0.0287,0.07,0.3589,0.5311,8.0
0.0408,0.1811,0.387,0.3166,0.0744,7.0
0.0027,0.011,0.0794,0.6331,0.2737,10.0
0.0043,0.0368,0.3373,0.5622,0.0594,8.0
0.0052,0.0113,0.0487,0.3633,0.5716,10.0
0.0278,0.0995,0.1977,0.4134,0.2615,9.0
0.0106,0.1072,0.4079,0.4167,0.0576,6.0
0.0013,0.0221,0.439,0.5251,0.0126,6.0
0.0014,0.0034,0.0191,0.3198,0.6562,10.0
0.046,0.11,0.1788,0.371,0.2942,0.0
0.0383,0.1057,0.2407,0.4256,0.1897,10.0
0.0087,0.0096,0.0206,0.1035,0.8575,10.0
0.0127,0.0716,0.3685,0.4193,0.1278,10.0
0.0101,0.0418,0.1243,0.4088,0.4151,10.0
0.0149,0.0923,0.2182,0.5272,0.1474,10.0
0.0079,0.0335,0.1248,0.5704,0.2634,7.0
0.0554,0.1484,0.2176,0.4225,0.1561,0.0
0.0015,0.0047,0.0284,0.3151,0.6503,0.0
0.0042,0.017,0.0641,0.4661,0.4485,0.0
0.005,0.0133,0.0743,0.4609,0.4464,9.0
0.0046,0.0203,0.1026,0.5175,0.355,10.0
0.0018,0.0041,0.0171,0.2378,0.7392,10.0
0.0091,0.0547,0.2715,0.54,0.1247,10.0
0.1789,0.4205,0.1837,0.1401,0.0768,7.0
0.0079,0.0388,0.1676,0.5596,0.2261,9.0
0.0311,0.243,0.4054,0.2907,0.0299,9.0
0.0008,0.0021,0.0138,0.2734,0.71,9.0
0.0009,0.0046,0.0675,0.7338,0.1931,0.0
0.0239,0.0488,0.0679,0.3422,0.5172,10.0
0.0095,0.0117,0.0133,0.0657,0.8998,10.0
0.0027,0.01,0.0686,0.6183,0.3003,8.0
0.0016,0.0024,0.0054,0.0901,0.9004,10.0
0.0098,0.0282,0.0653,0.3487,0.5479,9.0
0.0039,0.0058,0.0099,0.1344,0.846,8.0
0.002,0.0017,0.0026,0.0233,0.9704,10.0
0.0006,0.0019,0.0249,0.6142,0.3584,8.0
0.0012,0.0028,0.0122,0.2893,0.6945,10.0
0.0036,0.0072,0.0338,0.2539,0.7015,10.0
0.0743,0.2886,0.3116,0.2516,0.0739,10.0
0.0094,0.0353,0.0975,0.4715,0.3864,10.0
0.0891,0.2223,0.1881,0.3227,0.1778,10.0
0.0078,0.0693,0.2727,0.5589,0.0913,9.0
0.001,0.0016,0.0056,0.1103,0.8815,10.0
0.0081,0.068,0.3352,0.4969,0.0918,10.0
0.0017,0.0034,0.0164,0.2077,0.7708,9.0
0.0031,0.0268,0.192,0.6429,0.1352,9.0
0.0044,0.0152,0.0564,0.3466,0.5775,10.0
0.0102,0.0439,0.1713,0.5676,0.2069,9.0
0.0034,0.012,0.0588,0.519,0.4069,10.0
0.0088,0.0402,0.1851,0.5664,0.1995,10.0
0.0009,0.0013,0.0032,0.0502,0.9445,10.0
0.0945,0.2085,0.2557,0.266,0.1755,10.0
0.0243,0.0709,0.3271,0.4438,0.1339,6.0
0.003,0.0104,0.0521,0.4374,0.4971,8.0
0.0069,0.0457,0.2319,0.6347,0.0809,8.0
0.002,0.014,0.0932,0.6921,0.1987,9.0
0.0169,0.2533,0.6056,0.1188,0.0054,8.0
0.0114,0.0444,0.1905,0.5322,0.2216,0.0
0.004,0.0188,0.0638,0.6058,0.3076,10.0
0.0037,0.0045,0.0132,0.2289,0.7496,10.0
0.0066,0.0674,0.3463,0.5332,0.0466,9.0
0.0212,0.0415,0.0829,0.2856,0.5689,10.0
0.0132,0.1251,0.4881,0.337,0.0367,9.0
0.0091,0.0121,0.0119,0.1273,0.8396,10.0
0.006,0.01,0.0216,0.2391,0.7233,10.0
0.001,0.0017,0.0053,0.1015,0.8905,10.0
0.0881,0.5829,0.3101,0.0179,0.001,5.0
0.2926,0.5809,0.1185,0.0064,0.0016,1.0
0.004,0.0139,0.0461,0.4814,0.4547,0.0
0.0043,0.0157,0.0516,0.3743,0.5541,10.0
0.0367,0.1932,0.284,0.4003,0.0858,0.0
0.0096,0.0178,0.0376,0.2278,0.7072,9.0
0.0042,0.0108,0.0771,0.5063,0.4017,0.0
0.0238,0.127,0.2812,0.4685,0.0994,0.0
0.0254,0.0568,0.1483,0.3719,0.3976,9.0
0.0075,0.0212,0.0814,0.3408,0.5491,9.0
0.0057,0.0203,0.0508,0.3731,0.55,9.0
0.0134,0.0596,0.2279,0.4783,0.2208,10.0
0.3192,0.3523,0.1264,0.1264,0.0757,10.0
0.0176,0.2344,0.6416,0.1005,0.0059,7.0
0.3084,0.5816,0.1023,0.0066,0.0011,5.0
0.0134,0.1035,0.4036,0.4133,0.0662,7.0
0.0031,0.0051,0.0103,0.1417,0.8398,8.0
0.0461,0.1175,0.1813,0.3814,0.2736,9.0
0.012,0.0674,0.2535,0.5253,0.1417,10.0
0.0103,0.0861,0.4409,0.4233,0.0394,9.0
0.0755,0.1086,0.1022,0.2145,0.4992,10.0
0.0022,0.0484,0.7351,0.2095,0.0049,0.0
0.1111,0.365,0.3927,0.1169,0.0143,6.0
0.0166,0.0194,0.0284,0.1306,0.8049,10.0
0.0304,0.054,0.0691,0.2978,0.5487,8.0
0.0315,0.1094,0.2315,0.491,0.1365,10.0
0.0019,0.0051,0.0202,0.3001,0.6728,9.0
0.0046,0.0096,0.0551,0.418,0.5127,10.0
0.0021,0.0038,0.0147,0.3178,0.6616,8.0
0.0018,0.0258,0.5514,0.4177,0.0033,9.0
0.0052,0.025,0.1778,0.595,0.197,8.0
0.0037,0.0069,0.0152,0.2425,0.7317,10.0
0.0012,0.0015,0.0043,0.103,0.8901,9.0
0.0038,0.0155,0.0583,0.4146,0.5079,0.0
0.0014,0.005,0.0344,0.3892,0.57,10.0
0.0114,0.0404,0.112,0.5056,0.3306,10.0
0.0023,0.0063,0.0325,0.3918,0.5671,10.0
0.0077,0.0176,0.0393,0.286,0.6493,9.0
0.0008,0.0102,0.2514,0.7145,0.0231,0.0
0.0029,0.0093,0.0362,0.4533,0.4983,10.0
0.0082,0.0285,0.1089,0.544,0.3104,9.0
0.002,0.0055,0.0459,0.4852,0.4614,10.0
0.0163,0.0755,0.2418,0.4831,0.1833,8.0
0.0022,0.012,0.195,0.6677,0.1231,8.0
0.0168,0.0275,0.0503,0.2408,0.6646,9.0
0.0019,0.0132,0.1176,0.7059,0.1613,9.0
0.0266,0.0311,0.0474,0.1776,0.7173,10.0
0.241,0.5304,0.1759,0.0434,0.0094,8.0
0.004,0.0073,0.0279,0.4743,0.4865,9.0
0.0009,0.001,0.0027,0.0505,0.9449,10.0
0.1197,0.2924,0.1663,0.2164,0.2052,0.0
0.0155,0.0473,0.1458,0.5577,0.2337,9.0
0.0026,0.0145,0.0627,0.5714,0.3488,10.0
0.0011,0.0039,0.0316,0.5572,0.4062,9.0
0.0011,0.0013,0.0029,0.0528,0.9419,10.0
0.0956,0.5013,0.3195,0.074,0.0097,6.0
0.0016,0.0057,0.04,0.4341,0.5187,9.0
0.0341,0.0516,0.0564,0.2169,0.641,10.0
0.0035,0.0094,0.035,0.5115,0.4405,9.0
0.003,0.0247,0.237,0.6282,0.1071,7.0
0.0013,0.0041,0.0284,0.4419,0.5243,9.0
0.0029,0.0075,0.0362,0.3677,0.5858,9.0
0.0312,0.0979,0.2357,0.471,0.1642,10.0
0.0016,0.0053,0.0395,0.5466,0.4071,9.0
0.0058,0.0268,0.1254,0.5662,0.2758,6.0
0.005,0.0136,0.0569,0.3893,0.5353,8.0
0.0028,0.0228,0.1811,0.6498,0.1434,9.0
0.0006,0.0041,0.1268,0.7915,0.077,7.0
0.0164,0.0851,0.4551,0.434,0.0093,7.0
0.0384,0.1621,0.3075,0.414,0.0781,8.0
0.0034,0.0118,0.0488,0.4856,0.4505,10.0
0.0031,0.0231,0.217,0.6893,0.0675,8.0
0.0051,0.0214,0.084,0.5585,0.331,9.0
0.0021,0.0309,0.234,0.6868,0.0462,8.0
0.016,0.0849,0.2813,0.5212,0.0967,0.0
0.0277,0.1507,0.352,0.3776,0.092,8.0
0.0072,0.0325,0.1797,0.5659,0.2147,8.0
0.015,0.113,0.3851,0.4128,0.074,10.0
0.0055,0.0161,0.0633,0.3909,0.5242,10.0
0.1667,0.5923,0.2302,0.0101,0.0007,9.0
0.0138,0.0577,0.1406,0.4296,0.3584,10.0
0.0041,0.0376,0.2237,0.5897,0.145,0.0
0.0006,0.0042,0.1174,0.8213,0.0565,9.0
0.0093,0.0191,0.0369,0.2758,0.6588,10.0
0.0198,0.0547,0.0987,0.3586,0.4681,0.0
0.0125,0.032,0.1034,0.4669,0.3852,0.0
0.0021,0.0059,0.0396,0.4514,0.501,8.0
0.0265,0.1703,0.317,0.4125,0.0736,10.0
0.004,0.0124,0.0739,0.521,0.3887,8.0
0.0494,0.094,0.1024,0.3436,0.4107,9.0
0.0123,0.0506,0.1842,0.5357,0.2172,0.0
0.0271,0.1952,0.3675,0.3342,0.076,10.0
0.0026,0.009,0.0674,0.5578,0.3632,8.0
0.0031,0.0115,0.053,0.5022,0.4302,10.0
0.0043,0.0321,0.269,0.5627,0.132,9.0
0.0221,0.144,0.4544,0.3505,0.029,8.0
0.0047,0.0232,0.1719,0.6558,0.1445,10.0
0.0063,0.0099,0.0211,0.1691,0.7936,10.0
0.0159,0.1162,0.3096,0.4471,0.1112,10.0
0.001,0.0072,0.1058,0.7028,0.1832,8.0
0.0021,0.008,0.0525,0.4969,0.4405,8.0
0.0221,0.0415,0.0525,0.2406,0.6434,10.0
0.0009,0.0016,0.006,0.1228,0.8688,10.0
0.0165,0.2137,0.5531,0.2077,0.009,8.0
0.0065,0.0455,0.283,0.5791,0.0858,10.0
0.0034,0.0104,0.0696,0.465,0.4515,0.0
0.0178,0.0632,0.1486,0.3833,0.387,0.0
0.0009,0.003,0.057,0.602,0.3371,0.0
0.0112,0.0415,0.1151,0.4363,0.3958,0.0
0.0322,0.1091,0.1805,0.4779,0.2003,0.0
0.0011,0.0019,0.0067,0.1504,0.8399,0.0
0.0072,0.0216,0.0831,0.3453,0.5429,10.0
0.0803,0.2317,0.2256,0.3133,0.1491,10.0
0.0334,0.0719,0.1383,0.3493,0.4071,0.0
0.0009,0.0014,0.0045,0.0747,0.9185,10.0
0.0549,0.2058,0.3218,0.3278,0.0897,10.0
0.0239,0.195,0.3838,0.349,0.0483,8.0
0.0039,0.005,0.0149,0.1264,0.8499,10.0
0.0055,0.0146,0.0444,0.3661,0.5694,9.0
0.0288,0.0674,0.0905,0.3258,0.4875,10.0
0.0274,0.0512,0.0949,0.3205,0.5059,9.0
0.0118,0.1691,0.5357,0.275,0.0085,6.0
0.008,0.0375,0.1978,0.6266,0.13,9.0
0.0013,0.0032,0.0166,0.2919,0.687,8.0
0.0013,0.0206,0.6017,0.3685,0.0078,6.0
0.0011,0.0031,0.0184,0.344,0.6333,10.0
0.0023,0.0053,0.0329,0.2819,0.6776,10.0
0.0185,0.1366,0.369,0.4049,0.071,0.0
0.0401,0.0898,0.1087,0.4165,0.345,9.0
0.0024,0.0084,0.0302,0.3596,0.5994,10.0
0.0026,0.008,0.0588,0.6737,0.2568,8.0
0.0016,0.0017,0.0028,0.0554,0.9385,10.0
0.0619,0.1,0.11,0.2822,0.446,10.0
0.0521,0.1552,0.195,0.3928,0.2049,9.0
0.0225,0.0661,0.1391,0.4661,0.3062,9.0
0.0174,0.0775,0.2823,0.4676,0.1552,10.0
0.1422,0.6564,0.191,0.0094,0.0011,6.0
0.0259,0.2053,0.4642,0.2826,0.022,9.0
0.0159,0.1194,0.3503,0.4636,0.0507,9.0
0.0071,0.0208,0.0969,0.507,0.3683,10.0
0.0091,0.0169,0.0467,0.3723,0.555,10.0
0.0712,0.1022,0.1064,0.2216,0.4986,9.0
0.01,0.0178,0.0297,0.1659,0.7767,9.0
0.0073,0.0632,0.3017,0.5324,0.0953,7.0
0.081,0.2718,0.1758,0.2344,0.2369,10.0
0.003,0.0131,0.1093,0.6067,0.2678,10.0
0.0022,0.0089,0.0588,0.7172,0.2128,9.0
0.0156,0.0844,0.4017,0.4213,0.077,8.0
0.0045,0.0531,0.4277,0.4728,0.0419,8.0
0.0043,0.0111,0.0532,0.3681,0.5634,10.0
0.0089,0.0329,0.1117,0.5117,0.3347,9.0
0.1277,0.2608,0.3191,0.2414,0.0511,7.0
0.0305,0.0726,0.1008,0.3856,0.4105,0.0
0.0562,0.6396,0.2906,0.0126,0.001,6.0
0.1553,0.3695,0.2412,0.1639,0.0702,10.0
0.2101,0.2452,0.1444,0.1985,0.2019,9.0
0.0103,0.1448,0.5967,0.2379,0.0103,7.0
0.0126,0.0729,0.3287,0.505,0.0807,10.0
0.0432,0.1017,0.2032,0.3515,0.3004,10.0
0.1628,0.2115,0.1308,0.3057,0.1892,8.0
0.03,0.1254,0.2706,0.4144,0.1596,10.0
0.0012,0.003,0.0202,0.3056,0.67,10.0
0.003,0.0089,0.0379,0.3496,0.6005,10.0
0.1242,0.1967,0.1284,0.2492,0.3015,9.0
0.0062,0.0093,0.0181,0.1015,0.8649,10.0
0.0889,0.3825,0.2947,0.1988,0.0351,10.0
0.1471,0.1931,0.1477,0.2594,0.2527,10.0
0.0096,0.0363,0.0849,0.476,0.3932,10.0
0.0067,0.0417,0.1231,0.5826,0.2459,10.0
0.0029,0.0131,0.0805,0.581,0.3226,0.0
0.0428,0.1198,0.2288,0.3097,0.2989,10.0
0.0039,0.0203,0.129,0.6128,0.2339,9.0
0.0092,0.1008,0.3681,0.4725,0.0494,10.0
0.0436,0.1211,0.187,0.3532,0.2951,10.0
0.0021,0.0043,0.0192,0.2969,0.6775,0.0
0.0013,0.0014,0.0022,0.0276,0.9676,9.0
0.0078,0.0507,0.3246,0.5169,0.1,8.0
0.0008,0.0015,0.0062,0.1704,0.8211,9.0
0.1218,0.4809,0.2873,0.0806,0.0295,10.0
0.0069,0.03,0.1284,0.5927,0.242,10.0
0.0146,0.0847,0.212,0.532,0.1567,10.0
0.0109,0.0263,0.0592,0.3681,0.5356,10.0
0.0158,0.1291,0.3944,0.4173,0.0435,9.0
0.0029,0.0099,0.0554,0.4887,0.4431,0.0
0.0494,0.094,0.1024,0.3436,0.4107,9.0
0.026,0.057,0.1208,0.4216,0.3746,10.0
0.0094,0.0194,0.053,0.2208,0.6974,10.0
0.0203,0.0404,0.0758,0.368,0.4955,7.0
0.0143,0.0505,0.1098,0.4471,0.3783,10.0
0.1032,0.5698,0.2606,0.0605,0.006,3.0
0.0247,0.0664,0.1423,0.6221,0.1445,9.0
0.0109,0.0452,0.1469,0.5098,0.2873,10.0
0.0037,0.0108,0.0589,0.5053,0.4213,0.0
0.009,0.0531,0.2045,0.6074,0.1261,7.0
0.0523,0.1738,0.1764,0.3666,0.2309,10.0
0.0013,0.0017,0.0041,0.0836,0.9092,10.0
0.0105,0.0424,0.0892,0.3579,0.5,0.0
0.0135,0.0535,0.1702,0.5322,0.2305,10.0
0.011,0.0437,0.1717,0.4987,0.2749,8.0
0.2758,0.2508,0.1314,0.1613,0.1807,0.0
0.0131,0.0473,0.1381,0.5041,0.2974,10.0
0.0481,0.1284,0.1804,0.3806,0.2625,10.0
0.0012,0.002,0.0061,0.1539,0.8367,10.0
0.3591,0.2666,0.0982,0.1347,0.1414,10.0
0.3274,0.4756,0.1623,0.0291,0.0057,10.0
0.0124,0.0813,0.3014,0.4906,0.1142,9.0
0.0809,0.112,0.1019,0.2148,0.4905,9.0
0.0018,0.0294,0.4656,0.4869,0.0163,8.0
0.0035,0.0109,0.0569,0.4779,0.4508,10.0
0.0167,0.0956,0.2445,0.4665,0.1766,10.0
0.0086,0.0723,0.3086,0.4786,0.1319,10.0
0.0371,0.1312,0.1544,0.4264,0.2508,10.0
0.0565,0.3205,0.3328,0.2487,0.0415,10.0
0.008,0.0154,0.0651,0.4713,0.4402,10.0
0.0382,0.1403,0.2255,0.4321,0.1638,9.0
0.061,0.088,0.0962,0.3785,0.3763,8.0
0.0155,0.0345,0.0519,0.2688,0.6293,10.0
0.0414,0.2262,0.3705,0.3147,0.0471,8.0
0.0076,0.0514,0.2185,0.5853,0.1373,9.0
0.0313,0.2027,0.3551,0.3617,0.0493,0.0
0.0145,0.0429,0.1974,0.5046,0.2406,7.0
0.0018,0.0025,0.0066,0.0904,0.8987,9.0
0.0808,0.1995,0.2866,0.3213,0.1119,10.0
0.0112,0.0133,0.0235,0.115,0.837,10.0
0.0145,0.0227,0.0452,0.2166,0.701,9.0
0.0148,0.055,0.0986,0.4362,0.3954,10.0
0.0269,0.0638,0.1077,0.3833,0.4183,9.0
0.0317,0.0854,0.1424,0.4303,0.3102,8.0
0.0158,0.0244,0.038,0.2104,0.7115,10.0
0.0018,0.0108,0.1527,0.7502,0.0845,8.0
0.0555,0.261,0.3057,0.3105,0.0673,9.0
0.0787,0.2942,0.2549,0.2686,0.1036,10.0
0.0336,0.0207,0.0344,0.0692,0.8421,10.0
0.0138,0.1158,0.2454,0.5179,0.1071,8.0
0.0078,0.0273,0.0709,0.4473,0.4466,10.0
0.0041,0.0186,0.1897,0.6688,0.1189,8.0
0.0023,0.0078,0.0447,0.5267,0.4186,9.0
0.0166,0.0423,0.0546,0.3018,0.5848,9.0
0.1128,0.3475,0.2711,0.2141,0.0546,10.0
0.409,0.291,0.1685,0.0913,0.0403,0.0
0.3048,0.2588,0.0854,0.1216,0.2293,10.0
0.0422,0.1401,0.1911,0.3928,0.2338,10.0
0.0637,0.1509,0.182,0.3638,0.2396,10.0
0.0331,0.1735,0.3639,0.3549,0.0745,8.0
0.0259,0.0599,0.138,0.4898,0.2863,10.0
0.0107,0.1592,0.6805,0.1466,0.003,6.0
0.0563,0.0975,0.2316,0.4854,0.1293,7.0
0.0474,0.1103,0.1494,0.3758,0.3171,10.0
0.0246,0.1244,0.3477,0.4314,0.0719,9.0
0.0926,0.1867,0.1492,0.334,0.2375,10.0
0.0697,0.1915,0.2767,0.3527,0.1094,0.0
0.0927,0.1353,0.1843,0.2979,0.2899,10.0
0.0079,0.0272,0.0738,0.4837,0.4075,10.0
0.015,0.072,0.2616,0.5188,0.1326,10.0
0.0037,0.0079,0.0276,0.3037,0.6571,10.0
0.0113,0.0676,0.2558,0.5429,0.1224,10.0
0.0392,0.3727,0.4622,0.1145,0.0114,6.0
0.0111,0.1539,0.6178,0.2093,0.0079,8.0
0.0119,0.064,0.2185,0.6131,0.0925,9.0
0.0194,0.0783,0.1844,0.501,0.2169,8.0
0.0087,0.019,0.0609,0.3461,0.5652,10.0
0.008,0.0337,0.1244,0.4864,0.3475,10.0
0.0007,0.0014,0.0096,0.2785,0.7098,8.0
0.0262,0.2433,0.2849,0.3391,0.1065,10.0
0.0096,0.0488,0.1547,0.5504,0.2364,10.0
0.0613,0.0504,0.0506,0.1607,0.677,9.0
0.0114,0.0291,0.0644,0.2754,0.6198,10.0
0.0074,0.0141,0.0406,0.1469,0.791,10.0
0.0183,0.0239,0.031,0.1947,0.7321,10.0
0.0774,0.2479,0.2442,0.2949,0.1356,10.0
0.004,0.0251,0.2059,0.5631,0.2019,10.0
0.0959,0.3024,0.2782,0.262,0.0615,7.0
