0,1,2,3,4,5
0.0023,0.0032,0.0041,0.0769,0.9135,10.0
0.0071,0.04,0.1569,0.5828,0.2132,0.0
0.0018,0.0041,0.0132,0.2706,0.7103,10.0
0.0016,0.0021,0.0044,0.0715,0.9204,10.0
0.0019,0.0047,0.0205,0.332,0.641,10.0
0.0008,0.0099,0.3188,0.6296,0.0409,10.0
0.0221,0.1475,0.3858,0.3964,0.0483,5.0
0.0007,0.0011,0.005,0.1216,0.8716,10.0
0.0009,0.0034,0.0392,0.4027,0.5539,9.0
0.0148,0.0404,0.0542,0.3245,0.5661,8.0
0.007,0.0232,0.0546,0.4113,0.504,10.0
0.002,0.007,0.0395,0.7112,0.2402,9.0
0.0091,0.0189,0.0492,0.4008,0.5219,9.0
0.0016,0.006,0.0402,0.635,0.3172,10.0
0.0034,0.0021,0.0031,0.02,0.9715,10.0
0.0014,0.0037,0.0209,0.4014,0.5727,10.0
0.163,0.5628,0.2305,0.0383,0.0054,1.0
0.0025,0.0062,0.0282,0.448,0.5151,10.0
0.0154,0.1828,0.5038,0.2564,0.0416,10.0
0.1699,0.6725,0.1477,0.0083,0.0016,5.0
0.0107,0.0959,0.4503,0.4075,0.0356,6.0
0.0018,0.0089,0.0723,0.7216,0.1954,8.0
0.0023,0.0048,0.0151,0.2823,0.6956,9.0
0.0076,0.018,0.0474,0.3276,0.5993,10.0
0.0037,0.0061,0.0185,0.1761,0.7955,10.0
0.0211,0.1173,0.2435,0.4738,0.1444,10.0
0.003,0.0038,0.0041,0.056,0.933,9.0
0.0035,0.0161,0.0968,0.6921,0.1916,9.0
0.0025,0.0064,0.0262,0.3779,0.5871,10.0
0.0413,0.1082,0.0815,0.2782,0.4908,9.0
0.0022,0.0034,0.0065,0.0816,0.9063,10.0
0.0392,0.0727,0.084,0.2179,0.5862,10.0
0.1337,0.5846,0.261,0.0194,0.0012,1.0
0.0029,0.0068,0.0216,0.2409,0.7278,10.0
0.2242,0.275,0.2088,0.1607,0.1314,6.0
0.0025,0.0055,0.0214,0.2453,0.7253,10.0
0.0092,0.0345,0.0834,0.374,0.4989,9.0
0.1712,0.2458,0.2238,0.2113,0.148,10.0
0.0044,0.0106,0.0171,0.2006,0.7673,10.0
0.0542,0.1737,0.4697,0.271,0.0314,7.0
0.0014,0.0046,0.0255,0.4387,0.5298,9.0
0.0084,0.0089,0.0126,0.0504,0.9197,10.0
0.0039,0.0102,0.0579,0.4409,0.4872,10.0
0.0022,0.0028,0.0036,0.0408,0.9506,10.0
0.0031,0.0071,0.0228,0.235,0.7319,10.0
0.0761,0.1684,0.3413,0.3509,0.0633,2.0
0.0009,0.0024,0.01,0.1934,0.7934,10.0
0.0119,0.0158,0.0242,0.1089,0.8392,9.0
0.0071,0.0273,0.0699,0.3952,0.5005,8.0
0.0076,0.0734,0.3465,0.5066,0.0659,8.0
0.0138,0.1792,0.711,0.0929,0.0032,7.0
0.0031,0.0304,0.1752,0.644,0.1473,8.0
0.0142,0.0171,0.0205,0.1364,0.8117,10.0
0.0756,0.2235,0.3485,0.2836,0.0688,10.0
0.001,0.0073,0.1116,0.8168,0.0632,8.0
0.1304,0.4592,0.292,0.0997,0.0187,9.0
0.0227,0.1553,0.3943,0.3326,0.0951,9.0
0.0297,0.0303,0.0314,0.1192,0.7894,10.0
0.0016,0.0079,0.0811,0.6396,0.2697,9.0
0.0011,0.0018,0.0061,0.0907,0.9003,10.0
0.002,0.0064,0.0378,0.4679,0.486,10.0
0.0034,0.0021,0.0031,0.02,0.9715,10.0
0.0219,0.0344,0.0633,0.3773,0.5032,9.0
0.0039,0.0043,0.0105,0.1008,0.8805,9.0
0.0155,0.0353,0.123,0.2441,0.5821,10.0
0.0057,0.0207,0.0706,0.4737,0.4293,9.0
0.0612,0.1053,0.2482,0.446,0.1393,9.0
0.3754,0.303,0.1224,0.1035,0.0957,10.0
0.0013,0.0022,0.0076,0.1636,0.8254,9.0
0.0122,0.0239,0.0339,0.2098,0.7202,10.0
0.405,0.4567,0.091,0.0313,0.016,2.0
0.0017,0.0025,0.0152,0.2654,0.7152,10.0
0.0048,0.0103,0.0704,0.386,0.5285,10.0
0.0057,0.1113,0.8397,0.042,0.0013,7.0
0.0772,0.4952,0.3905,0.0341,0.003,5.0
0.017,0.0789,0.2121,0.5284,0.1635,10.0
0.0088,0.2052,0.6293,0.1502,0.0064,8.0
0.1557,0.2387,0.262,0.2419,0.1017,3.0
0.0247,0.065,0.2104,0.443,0.2569,9.0
0.0055,0.0469,0.1676,0.6116,0.1685,8.0
0.0047,0.0109,0.0244,0.2926,0.6672,10.0
0.0062,0.0083,0.0185,0.1633,0.8037,10.0
0.0831,0.1027,0.1362,0.3395,0.3384,10.0
0.0009,0.0011,0.0027,0.05,0.9453,9.0
0.0023,0.0068,0.021,0.2855,0.6844,9.0
0.0835,0.0774,0.139,0.2482,0.4519,10.0
0.0014,0.0018,0.0128,0.2408,0.7433,10.0
0.0098,0.1341,0.5954,0.2491,0.0117,9.0
0.0007,0.0015,0.0066,0.1354,0.8557,10.0
0.0016,0.0011,0.0019,0.0183,0.9772,10.0
0.6957,0.1678,0.0397,0.0252,0.0715,10.0
0.0037,0.039,0.2782,0.6485,0.0307,9.0
0.0031,0.0039,0.0184,0.1668,0.8078,10.0
0.0041,0.0066,0.0171,0.134,0.8382,10.0
0.0069,0.0066,0.0146,0.1632,0.8087,10.0
0.0599,0.1356,0.2313,0.3723,0.2009,9.0
0.0022,0.0027,0.0203,0.1849,0.7898,10.0
0.0011,0.002,0.0123,0.2719,0.7128,10.0
0.0022,0.0072,0.0482,0.3609,0.5816,10.0
0.0232,0.0259,0.038,0.1945,0.7183,10.0
0.0371,0.0678,0.228,0.4504,0.2167,7.0
0.5783,0.3772,0.0386,0.0036,0.0023,10.0
0.0008,0.0009,0.0041,0.0826,0.9115,10.0
0.0009,0.0019,0.0188,0.3607,0.6176,8.0
0.0021,0.0064,0.0614,0.4839,0.4462,9.0
0.0029,0.0042,0.0182,0.2267,0.7479,10.0
0.0016,0.0022,0.0048,0.0528,0.9386,10.0
0.0011,0.0017,0.0103,0.1082,0.8788,10.0
0.0007,0.001,0.0051,0.1663,0.8268,9.0
0.0007,0.0009,0.0043,0.0703,0.9239,9.0
0.0023,0.0085,0.0703,0.5475,0.3713,10.0
0.0005,0.0026,0.0295,0.6627,0.3046,10.0
0.0316,0.1143,0.2992,0.4118,0.143,8.0
0.1756,0.1498,0.1448,0.2195,0.3103,10.0
0.0072,0.0518,0.3196,0.571,0.0504,9.0
0.0064,0.0029,0.0032,0.0127,0.9747,10.0
0.0042,0.0199,0.1956,0.6401,0.1403,10.0
0.0188,0.1585,0.4822,0.3122,0.0283,10.0
0.0014,0.0017,0.0066,0.1549,0.8355,9.0
0.185,0.2172,0.1553,0.2185,0.2239,10.0
0.0014,0.0013,0.0039,0.0507,0.9427,10.0
0.0244,0.1367,0.4018,0.3523,0.0849,10.0
0.0345,0.1023,0.1558,0.3567,0.3506,9.0
0.0052,0.0075,0.0308,0.2412,0.7153,10.0
0.0021,0.0017,0.0028,0.0213,0.9722,10.0
0.0013,0.0022,0.0053,0.0798,0.9114,9.0
0.0452,0.1627,0.223,0.4151,0.1541,10.0
0.0116,0.0127,0.0261,0.1334,0.8161,10.0
0.0008,0.0029,0.0333,0.455,0.508,1.0
0.0162,0.0382,0.1215,0.4502,0.3738,10.0
0.0041,0.0096,0.0575,0.379,0.5498,10.0
0.0131,0.0278,0.0838,0.361,0.5142,9.0
0.0204,0.04,0.1772,0.4098,0.3527,9.0
0.0098,0.0273,0.0699,0.2678,0.6252,10.0
0.0227,0.0473,0.0813,0.3406,0.5081,8.0
0.0011,0.0006,0.0014,0.0131,0.9837,10.0
0.001,0.0007,0.0019,0.0295,0.9669,10.0
0.1707,0.2024,0.1461,0.4512,0.0295,8.0
0.1454,0.1955,0.1722,0.1891,0.2978,10.0
0.3595,0.5332,0.0963,0.0095,0.0015,7.0
0.0027,0.0069,0.0233,0.3193,0.6478,10.0
0.0062,0.0317,0.1302,0.6227,0.2092,10.0
0.0083,0.0152,0.0449,0.347,0.5847,10.0
0.2768,0.5675,0.1441,0.0103,0.0012,5.0
0.0005,0.0006,0.0025,0.0601,0.9364,10.0
0.0036,0.0158,0.0507,0.3904,0.5395,10.0
0.0012,0.0056,0.0539,0.5969,0.3424,10.0
0.0015,0.0021,0.0049,0.0937,0.8979,9.0
0.0205,0.1164,0.2805,0.4076,0.1751,9.0
0.002,0.0068,0.0419,0.5211,0.4282,9.0
0.0057,0.0559,0.4291,0.4855,0.0238,10.0
0.0014,0.0009,0.0019,0.0154,0.9805,10.0
0.0069,0.0249,0.0741,0.3304,0.5638,9.0
0.0107,0.0329,0.0934,0.471,0.392,10.0
0.0089,0.0097,0.0146,0.1144,0.8524,10.0
0.0018,0.0026,0.0119,0.2726,0.7112,8.0
0.2479,0.5914,0.1455,0.0132,0.0021,0.0
0.049,0.4625,0.3849,0.0935,0.0101,5.0
0.0013,0.0011,0.0061,0.14,0.8515,10.0
0.0075,0.1007,0.43,0.4239,0.038,7.0
0.0006,0.0008,0.0038,0.0893,0.9054,10.0
0.0274,0.2359,0.5729,0.1555,0.0083,8.0
0.004,0.0073,0.0281,0.2999,0.6608,9.0
0.0053,0.0467,0.3166,0.5459,0.0855,10.0
0.0472,0.0485,0.0411,0.1853,0.678,10.0
0.002,0.0137,0.1443,0.7458,0.0942,8.0
0.0061,0.0125,0.041,0.3244,0.6159,10.0
0.0052,0.0093,0.0373,0.1686,0.7796,9.0
0.0006,0.0011,0.0067,0.1641,0.8276,10.0
0.0014,0.0025,0.0076,0.1159,0.8725,10.0
0.0102,0.0527,0.3415,0.5084,0.0873,9.0
0.0053,0.0883,0.5558,0.3346,0.016,10.0
0.0014,0.0017,0.0079,0.1567,0.8324,10.0
0.0018,0.0046,0.0162,0.1942,0.7832,10.0
0.0019,0.0086,0.0508,0.495,0.4437,8.0
0.0012,0.0013,0.0043,0.0325,0.9607,10.0
0.0006,0.0005,0.0012,0.0185,0.9792,10.0
0.0036,0.0123,0.0616,0.5925,0.3299,10.0
0.0008,0.0006,0.0029,0.0343,0.9613,10.0
0.0021,0.0068,0.0341,0.4263,0.5307,9.0
0.0748,0.091,0.0713,0.2309,0.5319,9.0
0.0032,0.0029,0.0115,0.1504,0.8319,10.0
0.0027,0.0074,0.0286,0.2493,0.712,10.0
0.0152,0.0256,0.0519,0.2277,0.6797,10.0
0.001,0.0009,0.0047,0.0936,0.8998,8.0
0.0015,0.0019,0.0101,0.1021,0.8843,10.0
0.0077,0.0117,0.066,0.3696,0.545,6.0
0.0082,0.0838,0.3707,0.4902,0.0471,8.0
0.135,0.5235,0.3226,0.0168,0.0021,1.0
0.0046,0.0119,0.0383,0.3152,0.63,8.0
0.008,0.0342,0.1514,0.5044,0.302,10.0
0.0062,0.0044,0.0061,0.0312,0.9521,10.0
0.2712,0.4605,0.2084,0.0512,0.0087,7.0
0.2911,0.4196,0.1407,0.0953,0.0534,9.0
0.0022,0.0022,0.0101,0.1495,0.8361,10.0
0.001,0.0042,0.0582,0.6204,0.3162,9.0
0.0051,0.1349,0.65,0.2043,0.0057,7.0
0.002,0.008,0.0598,0.4752,0.455,10.0
0.4644,0.2859,0.1656,0.047,0.0371,10.0
0.0084,0.0115,0.0341,0.1998,0.7461,4.0
0.0048,0.0223,0.13,0.5563,0.2866,10.0
0.0138,0.0477,0.2271,0.4438,0.2676,6.0
0.0024,0.0031,0.0048,0.0503,0.9394,10.0
0.0813,0.2093,0.2387,0.3409,0.1299,10.0
0.1619,0.6948,0.1376,0.005,0.0006,7.0
0.0247,0.0572,0.0922,0.2682,0.5576,10.0
0.0025,0.0202,0.1766,0.6439,0.1568,8.0
0.452,0.4235,0.1121,0.0097,0.0027,6.0
0.0081,0.0078,0.0367,0.2594,0.688,10.0
0.0076,0.1009,0.4204,0.4431,0.0281,8.0
0.0021,0.0016,0.0102,0.0962,0.89,10.0
0.02,0.0471,0.1315,0.4698,0.3316,8.0
0.0014,0.0023,0.0082,0.1683,0.8199,10.0
0.0005,0.0007,0.0024,0.0506,0.9458,9.0
0.0027,0.013,0.1168,0.7167,0.1507,0.0
0.0155,0.0215,0.0527,0.2589,0.6514,9.0
0.0009,0.0018,0.0127,0.2641,0.7205,10.0
0.027,0.1415,0.4298,0.3242,0.0775,10.0
0.0691,0.0674,0.1155,0.3093,0.4388,10.0
0.0034,0.0089,0.0529,0.3171,0.6178,10.0
0.0005,0.0004,0.0032,0.0788,0.917,10.0
0.0145,0.0183,0.0906,0.2942,0.5824,10.0
0.0117,0.0179,0.0463,0.2943,0.6298,10.0
0.001,0.0013,0.0079,0.132,0.8578,10.0
0.003,0.009,0.0285,0.2981,0.6614,10.0
0.0036,0.0033,0.0079,0.0696,0.9156,10.0
0.0013,0.002,0.0099,0.1288,0.8581,10.0
0.002,0.0027,0.0068,0.0689,0.9196,10.0
0.1228,0.1836,0.3042,0.2919,0.0975,10.0
0.0041,0.0148,0.0544,0.4056,0.521,10.0
0.0022,0.0051,0.016,0.2293,0.7475,10.0
0.0014,0.0017,0.0045,0.0904,0.9021,0.0
0.0019,0.0028,0.0159,0.1468,0.8326,10.0
0.0033,0.0035,0.0118,0.1465,0.8349,10.0
0.001,0.0025,0.0126,0.2294,0.7545,10.0
0.0011,0.0014,0.0081,0.0724,0.917,10.0
0.0577,0.2319,0.3632,0.2742,0.073,10.0
0.0753,0.2847,0.3303,0.2699,0.0397,9.0
0.019,0.067,0.1668,0.4756,0.2716,10.0
0.0128,0.0105,0.0123,0.0884,0.8761,10.0
0.002,0.0199,0.1482,0.742,0.0879,9.0
0.0122,0.0334,0.0977,0.5063,0.3504,9.0
0.0009,0.0013,0.0081,0.2714,0.7183,10.0
0.0784,0.2378,0.3256,0.2998,0.0584,10.0
0.0019,0.002,0.0078,0.066,0.9224,10.0
0.0027,0.0118,0.0731,0.577,0.3354,10.0
0.0027,0.0034,0.0193,0.2062,0.7684,8.0
0.0009,0.0056,0.0773,0.805,0.1112,9.0
0.0014,0.0013,0.0051,0.045,0.9471,10.0
0.0574,0.2722,0.3872,0.2433,0.04,7.0
0.0302,0.1228,0.1837,0.365,0.2982,10.0
0.0097,0.0541,0.1756,0.6044,0.1562,10.0
0.0962,0.0718,0.0375,0.1307,0.6639,10.0
0.003,0.0025,0.0056,0.0357,0.9533,10.0
0.5134,0.291,0.1111,0.0417,0.0427,10.0
0.0203,0.0805,0.1456,0.4367,0.3169,7.0
0.0011,0.0126,0.3277,0.6437,0.0149,8.0
0.0403,0.1425,0.2494,0.3549,0.2128,10.0
0.001,0.0011,0.0052,0.0893,0.9034,10.0
0.1627,0.2633,0.1827,0.2293,0.1619,9.0
0.0015,0.0024,0.0085,0.1285,0.8591,10.0
0.01,0.0091,0.0198,0.1072,0.8539,10.0
0.0011,0.0014,0.0065,0.1363,0.8546,9.0
0.0012,0.0025,0.0154,0.2088,0.7721,10.0
0.0212,0.0407,0.0739,0.3359,0.5283,10.0
0.0294,0.0578,0.0728,0.7163,0.1237,9.0
0.0014,0.0014,0.0073,0.0992,0.8906,10.0
0.0477,0.2046,0.2805,0.3799,0.0873,9.0
0.0011,0.0022,0.0149,0.2447,0.737,9.0
0.0005,0.0005,0.0014,0.0197,0.9779,9.0
0.0008,0.0012,0.0077,0.1947,0.7956,7.0
0.0009,0.0008,0.0019,0.0258,0.9705,10.0
0.0012,0.0037,0.0168,0.3347,0.6437,10.0
0.0038,0.0216,0.1918,0.6767,0.1062,9.0
0.0338,0.0879,0.1555,0.4658,0.2571,8.0
0.0022,0.0195,0.2002,0.7025,0.0756,10.0
0.059,0.1885,0.2767,0.3297,0.1461,10.0
0.0012,0.0018,0.0107,0.1615,0.8248,10.0
0.3452,0.2343,0.1271,0.1815,0.1119,9.0
0.0021,0.0043,0.0116,0.1856,0.7964,7.0
0.0083,0.0948,0.3791,0.471,0.0469,9.0
0.0006,0.0009,0.011,0.1878,0.7997,10.0
0.0007,0.001,0.0024,0.0556,0.9403,9.0
0.0052,0.0333,0.1392,0.5301,0.2922,10.0
0.0008,0.0009,0.0037,0.0686,0.9259,10.0
0.0171,0.0163,0.0518,0.3609,0.5539,10.0
0.0296,0.2085,0.3882,0.323,0.0507,10.0
0.1369,0.4573,0.3423,0.0558,0.0078,8.0
0.0036,0.0156,0.0964,0.6338,0.2506,8.0
0.0018,0.003,0.0075,0.1133,0.8744,10.0
0.2596,0.1619,0.1086,0.1291,0.3408,8.0
0.0279,0.0459,0.159,0.3575,0.4097,10.0
0.0026,0.0025,0.0103,0.1109,0.8737,10.0
0.0043,0.0056,0.0172,0.0944,0.8785,10.0
0.0211,0.077,0.3565,0.4337,0.1117,9.0
0.0006,0.0006,0.002,0.0583,0.9385,9.0
0.0015,0.0013,0.0023,0.0192,0.9757,0.0
0.0093,0.0063,0.0093,0.05,0.9252,10.0
0.0448,0.1161,0.2084,0.3184,0.3122,9.0
0.0069,0.0054,0.0175,0.1189,0.8513,10.0
0.0019,0.0024,0.0064,0.0808,0.9085,10.0
0.0012,0.0065,0.0855,0.7486,0.1582,8.0
0.0015,0.0018,0.0118,0.1744,0.8106,9.0
0.031,0.3078,0.5487,0.1032,0.0093,9.0
0.3136,0.1699,0.1138,0.1119,0.2908,9.0
0.0117,0.0138,0.0303,0.1828,0.7614,10.0
0.0128,0.0078,0.0087,0.0407,0.9301,8.0
0.6626,0.2857,0.0416,0.006,0.0043,10.0
0.0023,0.0013,0.0031,0.0162,0.977,10.0
0.07,0.3414,0.2962,0.2512,0.0412,9.0
0.0341,0.1102,0.2832,0.4505,0.122,7.0
0.0532,0.2215,0.2965,0.3468,0.082,9.0
0.0034,0.0021,0.0031,0.02,0.9715,9.0
0.0062,0.0053,0.0071,0.0535,0.9279,10.0
0.1694,0.4101,0.3011,0.0911,0.0284,7.0
0.0035,0.0092,0.0506,0.3759,0.5608,7.0
0.0027,0.0032,0.0106,0.0771,0.9065,10.0
0.0036,0.0045,0.0272,0.2591,0.7056,9.0
0.0017,0.0034,0.0286,0.5501,0.4163,10.0
0.0027,0.0281,0.4157,0.5295,0.0241,9.0
0.0077,0.0089,0.0166,0.1209,0.8459,10.0
0.0012,0.0171,0.192,0.7443,0.0454,8.0
0.0016,0.0022,0.0476,0.4883,0.4603,8.0
0.1525,0.2293,0.208,0.2062,0.2039,10.0
0.0048,0.0096,0.0341,0.2106,0.741,10.0
0.1643,0.2412,0.2219,0.2311,0.1415,9.0
0.0044,0.0522,0.4292,0.4654,0.0488,9.0
0.0051,0.023,0.1041,0.6309,0.2369,8.0
0.282,0.2308,0.1208,0.2306,0.1357,9.0
0.0075,0.0428,0.2111,0.571,0.1676,10.0
0.05,0.0377,0.0394,0.1078,0.765,10.0
0.0022,0.0074,0.0506,0.4266,0.5131,8.0
0.0073,0.044,0.2388,0.5674,0.1425,8.0
0.001,0.0022,0.0157,0.2231,0.758,9.0
0.0107,0.0341,0.1445,0.5005,0.3103,9.0
0.0027,0.007,0.0803,0.4668,0.4432,9.0
0.0098,0.0271,0.1938,0.5759,0.1935,10.0
0.0008,0.0009,0.0061,0.1431,0.8491,8.0
0.0332,0.138,0.2989,0.4198,0.1101,9.0
0.0015,0.0023,0.0142,0.2318,0.7502,9.0
0.0012,0.0047,0.0534,0.6396,0.3011,10.0
0.0088,0.0485,0.2695,0.59,0.0832,10.0
0.0022,0.0051,0.0204,0.2575,0.715,10.0
0.3007,0.3643,0.1033,0.0951,0.1365,8.0
0.0054,0.1346,0.6883,0.1651,0.0066,8.0
0.0204,0.2914,0.5015,0.1759,0.0107,7.0
0.0012,0.0011,0.0033,0.0316,0.9627,10.0
0.001,0.003,0.0213,0.516,0.4588,9.0
0.0103,0.0468,0.2645,0.5357,0.1427,9.0
0.0017,0.0034,0.0322,0.3665,0.5961,9.0
0.0006,0.0021,0.0609,0.78,0.1563,8.0
0.0006,0.0009,0.0071,0.1712,0.8202,0.0
0.0139,0.0711,0.2851,0.5455,0.0844,7.0
0.0017,0.0025,0.0061,0.0743,0.9153,10.0
0.0022,0.0022,0.0032,0.0461,0.9463,10.0
0.0019,0.0034,0.0159,0.193,0.7858,10.0
0.0176,0.1353,0.4519,0.3579,0.0374,10.0
0.0027,0.0099,0.0631,0.4148,0.5095,10.0
0.0395,0.0533,0.06,0.1449,0.7024,10.0
0.0059,0.0062,0.0181,0.1341,0.8356,10.0
0.0015,0.0012,0.0056,0.0426,0.9491,10.0
0.002,0.0034,0.016,0.2103,0.7684,10.0
0.0186,0.0345,0.0483,0.2779,0.6207,10.0
0.0019,0.0013,0.0022,0.0138,0.9808,10.0
0.0122,0.0121,0.0215,0.148,0.8063,10.0
0.0009,0.001,0.0034,0.0665,0.9282,10.0
0.0031,0.0129,0.1315,0.4918,0.3607,10.0
0.0161,0.0169,0.0193,0.0902,0.8574,10.0
0.011,0.0691,0.2224,0.5344,0.163,10.0
0.005,0.0289,0.1325,0.5573,0.2763,10.0
0.0131,0.0146,0.0277,0.1465,0.798,10.0
0.0033,0.0125,0.1326,0.5231,0.3285,9.0
0.0037,0.0223,0.1503,0.6226,0.2012,8.0
0.0012,0.0015,0.0078,0.1044,0.8851,9.0
0.004,0.0101,0.0705,0.4715,0.4439,10.0
0.0031,0.0118,0.0796,0.8776,0.0279,9.0
0.002,0.0035,0.008,0.1254,0.8611,10.0
0.0069,0.0041,0.008,0.0634,0.9175,9.0
0.0012,0.0011,0.0047,0.0401,0.953,10.0
0.0029,0.0022,0.0134,0.118,0.8635,10.0
0.0091,0.0426,0.1792,0.6044,0.1647,10.0
0.0028,0.006,0.0165,0.2352,0.7395,9.0
0.0005,0.001,0.0207,0.5202,0.4576,10.0
0.067,0.1136,0.0655,0.2068,0.5472,10.0
0.0023,0.0028,0.019,0.1546,0.8213,7.0
0.0017,0.0027,0.0231,0.3185,0.6541,10.0
0.0016,0.003,0.0162,0.2562,0.723,0.0
0.054,0.0436,0.0662,0.2255,0.6108,10.0
0.001,0.0009,0.0035,0.078,0.9166,10.0
0.0296,0.0545,0.1606,0.4242,0.3311,9.0
0.0009,0.0008,0.0015,0.0236,0.9731,10.0
0.0011,0.0009,0.0012,0.0184,0.9784,10.0
0.0051,0.0054,0.0175,0.1594,0.8126,10.0
0.0039,0.0671,0.5506,0.3631,0.0152,9.0
0.0473,0.2317,0.3629,0.3139,0.0442,9.0
0.0009,0.0007,0.0027,0.0285,0.9671,10.0
0.0015,0.0022,0.0159,0.1975,0.7828,10.0
0.036,0.0291,0.0509,0.1836,0.7004,10.0
0.0032,0.0094,0.0359,0.3696,0.5819,10.0
0.0163,0.0371,0.1284,0.405,0.4132,10.0
0.0191,0.3281,0.5955,0.0552,0.0022,0.0
0.0201,0.0879,0.1793,0.5631,0.1496,7.0
0.0403,0.0997,0.2335,0.4142,0.2124,0.0
0.0016,0.0013,0.0033,0.0275,0.9662,10.0
0.0123,0.0089,0.0165,0.0758,0.8865,10.0
0.0059,0.004,0.0079,0.0362,0.946,10.0
0.0022,0.0409,0.492,0.4518,0.0131,9.0
0.0161,0.0187,0.0329,0.0969,0.8354,10.0
0.0008,0.001,0.0041,0.1112,0.8828,10.0
0.0024,0.0205,0.1711,0.7442,0.0618,7.0
0.0789,0.3057,0.4155,0.1666,0.0334,10.0
0.0074,0.1777,0.7262,0.0863,0.0023,7.0
0.0012,0.0016,0.0358,0.3745,0.5869,8.0
0.0019,0.0103,0.0875,0.6372,0.263,10.0
0.0025,0.0016,0.009,0.1247,0.8621,10.0
0.1375,0.6715,0.1757,0.0139,0.0015,6.0
0.0005,0.0008,0.0066,0.1763,0.8158,10.0
0.0039,0.03,0.2511,0.6173,0.0977,6.0
0.003,0.0038,0.016,0.1903,0.787,9.0
0.0009,0.0007,0.0018,0.0307,0.9659,10.0
0.0022,0.0069,0.0679,0.5188,0.4042,8.0
0.0081,0.0432,0.2126,0.5349,0.2011,10.0
0.0105,0.0319,0.1083,0.4812,0.3682,10.0
0.0019,0.0018,0.0057,0.0562,0.9344,7.0
0.0219,0.0695,0.1701,0.4433,0.2952,10.0
0.0707,0.2387,0.2955,0.249,0.146,10.0
0.0008,0.001,0.0022,0.0383,0.9577,10.0
0.0012,0.004,0.0644,0.6067,0.3237,10.0
0.0455,0.1188,0.1476,0.328,0.3601,9.0
0.0029,0.0031,0.0081,0.1027,0.8832,10.0
0.0061,0.0195,0.0872,0.4039,0.4834,9.0
0.0072,0.0494,0.1601,0.7385,0.0448,8.0
0.004,0.0054,0.017,0.1429,0.8306,9.0
0.0142,0.0372,0.1042,0.3763,0.4681,10.0
0.0155,0.0324,0.105,0.2726,0.5745,10.0
0.0535,0.0716,0.0915,0.2761,0.5073,10.0
0.0018,0.0069,0.0478,0.4706,0.4728,10.0
0.0383,0.167,0.3153,0.4101,0.0693,10.0
0.1597,0.7105,0.1244,0.0045,0.0009,3.0
0.0186,0.0548,0.2336,0.4461,0.2468,10.0
0.0093,0.0233,0.0825,0.4008,0.4842,10.0
0.0015,0.0021,0.0331,0.3624,0.6008,8.0
0.0017,0.003,0.0064,0.0883,0.9006,10.0
0.0524,0.1583,0.2377,0.3972,0.1544,10.0
0.0017,0.0037,0.0139,0.1923,0.7884,10.0
0.0065,0.046,0.2488,0.6208,0.0779,9.0
0.0017,0.0022,0.007,0.107,0.882,10.0
0.0124,0.0737,0.3591,0.4607,0.0941,10.0
0.0009,0.0012,0.0055,0.0855,0.9069,10.0
0.0048,0.0959,0.5737,0.3159,0.0098,8.0
0.0263,0.0821,0.1196,0.4129,0.3592,10.0
0.0089,0.0197,0.0584,0.306,0.607,10.0
0.0106,0.0466,0.2613,0.5537,0.1279,9.0
0.0071,0.0136,0.0944,0.3798,0.5051,10.0
0.0009,0.001,0.002,0.0403,0.9558,9.0
0.0014,0.007,0.0999,0.7044,0.1873,9.0
0.001,0.0026,0.0104,0.219,0.767,9.0
0.0006,0.0006,0.0027,0.0452,0.951,9.0
0.0045,0.0131,0.0426,0.3554,0.5844,7.0
0.1831,0.3531,0.2147,0.1399,0.1093,9.0
0.0023,0.0039,0.0214,0.1496,0.8228,10.0
0.0461,0.0697,0.0984,0.2454,0.5403,9.0
0.0008,0.0012,0.0047,0.0924,0.9011,10.0
0.3141,0.325,0.2511,0.084,0.0258,9.0
0.0011,0.001,0.0025,0.0289,0.9666,10.0
0.0013,0.0022,0.0182,0.3276,0.6508,10.0
0.0049,0.0045,0.0209,0.1436,0.826,10.0
0.0016,0.0013,0.0041,0.0434,0.9495,10.0
0.0126,0.0401,0.1399,0.4199,0.3875,10.0
0.003,0.0044,0.0098,0.0665,0.9162,10.0
0.0125,0.1491,0.4939,0.3195,0.025,7.0
0.0014,0.0046,0.0472,0.3968,0.55,10.0
0.0018,0.0012,0.0029,0.0215,0.9726,10.0
0.0086,0.0675,0.4131,0.4579,0.053,10.0
0.0155,0.0134,0.042,0.2053,0.7238,10.0
0.0014,0.0015,0.0147,0.1692,0.8132,10.0
0.0017,0.0027,0.0082,0.0919,0.8956,10.0
0.0033,0.0038,0.0164,0.1487,0.8279,0.0
0.0437,0.0819,0.0789,0.1471,0.6484,10.0
0.0229,0.0372,0.0604,0.2287,0.6507,9.0
0.0014,0.0018,0.0056,0.0744,0.9167,10.0
0.0128,0.2562,0.4635,0.2513,0.0161,8.0
0.0032,0.0038,0.0054,0.0563,0.9313,10.0
0.0136,0.0495,0.1784,0.4456,0.313,7.0
0.0008,0.0014,0.0144,0.3126,0.6708,8.0
0.0045,0.0146,0.0546,0.5563,0.3699,10.0
0.0034,0.0038,0.0122,0.1104,0.8703,10.0
0.0013,0.0027,0.0136,0.1564,0.8259,9.0
0.0017,0.0031,0.0098,0.1207,0.8646,9.0
0.0294,0.1868,0.4577,0.2987,0.0274,10.0
0.0067,0.0171,0.0554,0.4522,0.4686,10.0
0.0013,0.0117,0.1379,0.7487,0.1004,7.0
0.2558,0.42,0.2138,0.0637,0.0467,10.0
0.0127,0.009,0.0138,0.0755,0.889,9.0
0.0079,0.1011,0.5864,0.2834,0.0213,0.0
0.0134,0.0138,0.017,0.1216,0.8341,10.0
0.0105,0.0729,0.2787,0.5542,0.0837,10.0
0.0083,0.0144,0.0168,0.1314,0.8292,10.0
0.2547,0.5444,0.1694,0.0268,0.0048,6.0
0.0009,0.0009,0.0053,0.1153,0.8776,0.0
0.0012,0.0013,0.0069,0.1317,0.8589,10.0
0.0603,0.0474,0.0552,0.133,0.7042,10.0
0.0009,0.0012,0.0043,0.0845,0.909,0.0
0.0017,0.0126,0.2612,0.6775,0.0469,10.0
0.8318,0.1466,0.0166,0.0026,0.0025,1.0
0.0059,0.0074,0.0228,0.1443,0.8196,10.0
0.1937,0.6345,0.1652,0.006,0.0006,5.0
0.4423,0.204,0.1623,0.1381,0.0533,1.0
0.939,0.0572,0.0027,0.0004,0.0007,1.0
0.0132,0.1086,0.484,0.3523,0.0419,10.0
0.6038,0.2683,0.086,0.0239,0.018,8.0
0.0016,0.0024,0.0082,0.0978,0.8899,8.0
0.0048,0.0094,0.0851,0.3802,0.5206,10.0
0.0077,0.0095,0.0286,0.1488,0.8053,10.0
0.051,0.0871,0.1212,0.2745,0.4662,9.0
0.0013,0.0008,0.0014,0.011,0.9854,10.0
0.0296,0.0956,0.2626,0.4217,0.1905,10.0
0.0038,0.0084,0.0601,0.5486,0.379,10.0
0.0031,0.0642,0.5655,0.3588,0.0084,7.0
0.012,0.0729,0.4105,0.4445,0.0602,10.0
0.0024,0.006,0.1292,0.6124,0.25,8.0
0.0026,0.0034,0.0157,0.1123,0.8659,10.0
0.0936,0.116,0.1296,0.2542,0.4066,8.0
0.0243,0.0618,0.1282,0.3234,0.4623,9.0
0.103,0.0669,0.0558,0.1098,0.6645,9.0
0.2137,0.2896,0.3005,0.1341,0.0621,7.0
0.0674,0.2158,0.4299,0.2349,0.052,10.0
0.0074,0.0495,0.2294,0.5503,0.1635,9.0
0.043,0.0995,0.3469,0.3695,0.1412,10.0
0.1943,0.5648,0.221,0.0178,0.0021,6.0
0.0037,0.0149,0.0805,0.488,0.4129,9.0
0.2638,0.2784,0.1782,0.1485,0.1312,9.0
0.0581,0.0414,0.0342,0.1075,0.7587,9.0
0.006,0.0169,0.0886,0.4939,0.3946,10.0
0.001,0.0014,0.0044,0.1209,0.8723,10.0
0.0012,0.0018,0.0057,0.0793,0.9119,10.0
0.0048,0.0519,0.3337,0.5767,0.0329,7.0
0.0011,0.0009,0.0033,0.0301,0.9645,10.0
0.407,0.3417,0.1578,0.0511,0.0425,8.0
0.001,0.0014,0.004,0.0846,0.9091,10.0
0.005,0.0413,0.2327,0.5985,0.1225,10.0
0.2065,0.5307,0.2374,0.0199,0.0056,0.0
0.0021,0.0114,0.0931,0.598,0.2954,10.0
0.0396,0.1897,0.3934,0.3066,0.0706,8.0
0.0057,0.0115,0.0269,0.2715,0.6845,10.0
0.0099,0.0394,0.1914,0.4951,0.2642,10.0
0.0007,0.0008,0.0023,0.0324,0.9638,0.0
0.0037,0.0226,0.143,0.6395,0.1911,9.0
0.0031,0.039,0.1469,0.7644,0.0466,8.0
0.0016,0.0031,0.0118,0.1476,0.8359,10.0
0.002,0.003,0.0374,0.3108,0.6467,7.0
0.0006,0.0022,0.0534,0.7515,0.1923,10.0
0.0014,0.0014,0.0033,0.0435,0.9504,10.0
0.0007,0.0005,0.0018,0.0225,0.9746,10.0
0.0022,0.0064,0.0323,0.28,0.6791,10.0
0.0058,0.028,0.086,0.4338,0.4464,10.0
0.0318,0.149,0.3343,0.3877,0.0972,10.0
0.0006,0.0006,0.0017,0.0262,0.9709,10.0
0.0556,0.3235,0.51,0.1043,0.0065,9.0
0.0667,0.0859,0.0967,0.2264,0.5243,10.0
0.003,0.0099,0.0825,0.5143,0.3903,9.0
0.2522,0.1529,0.0677,0.1159,0.4113,10.0
0.0034,0.0126,0.1234,0.5157,0.3448,5.0
0.0316,0.1421,0.4017,0.3128,0.1118,10.0
0.0152,0.0134,0.0203,0.1254,0.8257,10.0
0.0331,0.1264,0.1591,0.4535,0.2279,10.0
0.0368,0.0624,0.199,0.5444,0.1574,10.0
0.0053,0.0131,0.0362,0.2835,0.662,10.0
0.0079,0.0954,0.4943,0.3786,0.0238,10.0
0.0028,0.0031,0.0166,0.1688,0.8087,10.0
0.0046,0.0057,0.0181,0.1914,0.7803,10.0
0.0048,0.014,0.0486,0.3147,0.6179,8.0
0.0046,0.0062,0.0205,0.1587,0.8101,10.0
0.0038,0.0049,0.0111,0.1234,0.8569,10.0
0.001,0.0014,0.0045,0.161,0.8321,9.0
0.0005,0.0006,0.0017,0.0314,0.9658,9.0
0.0005,0.0006,0.0017,0.0296,0.9675,10.0
0.0023,0.0089,0.0428,0.7758,0.1702,8.0
0.0048,0.0168,0.0623,0.4253,0.4907,9.0
0.0045,0.0349,0.233,0.6105,0.1171,9.0
0.0683,0.3778,0.2846,0.2187,0.0506,8.0
0.0044,0.0149,0.0969,0.5417,0.3421,0.0
0.0009,0.0016,0.0059,0.1253,0.8663,0.0
0.0086,0.0444,0.1727,0.6,0.1743,9.0
0.0056,0.012,0.0277,0.2608,0.6939,9.0
0.0071,0.0182,0.0583,0.3024,0.614,10.0
0.0074,0.0224,0.074,0.3559,0.5404,10.0
0.0009,0.0011,0.0037,0.0502,0.944,10.0
0.0022,0.0025,0.0049,0.0472,0.9433,10.0
0.1335,0.2837,0.3464,0.1893,0.0471,8.0
0.1036,0.6473,0.2334,0.0142,0.0014,5.0
0.0007,0.001,0.0046,0.0957,0.898,10.0
0.0327,0.1262,0.1586,0.3324,0.3501,10.0
0.0567,0.0867,0.1446,0.3688,0.3432,10.0
0.0026,0.0077,0.0283,0.3434,0.618,10.0
0.0065,0.0108,0.0172,0.1658,0.7997,10.0
0.0006,0.0005,0.0022,0.0416,0.9551,10.0
0.0182,0.112,0.4088,0.3846,0.0764,8.0
0.0014,0.0014,0.0071,0.1178,0.8723,7.0
0.0474,0.0751,0.1654,0.4321,0.2801,0.0
0.0048,0.0069,0.0251,0.2101,0.7531,10.0
0.0042,0.0136,0.0968,0.4727,0.4127,0.0
0.0048,0.0074,0.0357,0.368,0.5841,10.0
0.0968,0.3898,0.2842,0.1729,0.0564,10.0
0.0063,0.0379,0.2348,0.6145,0.1065,10.0
0.0039,0.0081,0.0229,0.2284,0.7368,10.0
0.2955,0.5874,0.1061,0.0093,0.0017,5.0
0.0017,0.0023,0.0089,0.1227,0.8644,10.0
0.0006,0.0005,0.0021,0.0262,0.9705,10.0
0.0036,0.0481,0.3675,0.5544,0.0264,6.0
0.0009,0.0021,0.01,0.2108,0.7762,10.0
0.0327,0.0856,0.1615,0.4426,0.2776,9.0
0.0048,0.0723,0.5334,0.3845,0.005,9.0
0.0046,0.01,0.0358,0.2471,0.7025,9.0
0.0082,0.0316,0.0603,0.461,0.439,10.0
0.0032,0.0073,0.0241,0.2169,0.7485,8.0
0.0082,0.0276,0.0721,0.3375,0.5546,10.0
0.0018,0.0053,0.0392,0.5084,0.4454,9.0
0.002,0.0239,0.2954,0.6447,0.034,8.0
0.0354,0.1431,0.2785,0.3335,0.2095,10.0
0.0134,0.0521,0.2881,0.4927,0.1537,8.0
0.0055,0.0197,0.0574,0.5299,0.3875,9.0
0.0027,0.0177,0.1646,0.6774,0.1376,9.0
0.0069,0.0265,0.1152,0.5391,0.3122,10.0
0.0012,0.0022,0.0066,0.0748,0.9151,10.0
0.0059,0.0412,0.1511,0.5874,0.2145,8.0
0.0681,0.522,0.3887,0.0203,0.0009,7.0
0.0043,0.0293,0.205,0.7081,0.0533,9.0
0.0046,0.0128,0.0484,0.3548,0.5795,10.0
0.0067,0.0091,0.0205,0.1113,0.8523,10.0
0.0024,0.0044,0.0196,0.2505,0.7231,9.0
0.0048,0.0232,0.126,0.6139,0.232,9.0
0.0019,0.0033,0.0111,0.1753,0.8085,10.0
0.0033,0.0092,0.0635,0.5056,0.4185,10.0
0.0251,0.0471,0.0689,0.3074,0.5515,10.0
0.0023,0.0067,0.0395,0.476,0.4756,0.0
0.0025,0.0301,0.3149,0.6241,0.0284,7.0
0.0028,0.0082,0.0189,0.1992,0.7709,10.0
0.0026,0.0044,0.0158,0.1496,0.8276,9.0
0.2156,0.7029,0.0765,0.0041,0.0008,8.0
0.0042,0.0139,0.0628,0.5292,0.3899,8.0
0.0705,0.2371,0.3104,0.3048,0.0772,8.0
0.0427,0.0859,0.1382,0.3533,0.38,10.0
0.0748,0.2378,0.254,0.2612,0.1721,10.0
0.0089,0.0364,0.1187,0.6717,0.1643,9.0
0.0044,0.0225,0.0915,0.5579,0.3237,10.0
0.0068,0.0916,0.4022,0.4628,0.0366,9.0
0.002,0.0023,0.0057,0.1,0.89,10.0
0.0012,0.0033,0.0147,0.2423,0.7385,10.0
0.0009,0.0019,0.0135,0.2558,0.7279,10.0
0.0022,0.0029,0.0117,0.2364,0.7468,8.0
0.0018,0.0089,0.068,0.6595,0.2619,10.0
0.0022,0.0241,0.2625,0.6426,0.0685,9.0
0.0028,0.0138,0.123,0.7634,0.097,7.0
0.0095,0.037,0.1455,0.5368,0.2711,8.0
0.0134,0.0409,0.1094,0.4203,0.4161,10.0
0.005,0.01,0.0265,0.2058,0.7527,10.0
0.0122,0.1246,0.4564,0.3638,0.0429,8.0
0.0521,0.1076,0.2216,0.3058,0.3129,10.0
0.001,0.0061,0.0854,0.764,0.1436,9.0
0.0048,0.014,0.0446,0.3015,0.6351,10.0
0.0034,0.0079,0.0224,0.2896,0.6767,10.0
0.0286,0.1541,0.2444,0.4464,0.1265,10.0
0.0046,0.0146,0.0452,0.3903,0.5452,10.0
0.0016,0.0069,0.0692,0.5972,0.3251,9.0
0.0075,0.0326,0.1936,0.6137,0.1526,9.0
0.0298,0.0667,0.0768,0.3388,0.4879,10.0
0.0037,0.0324,0.2511,0.6656,0.0473,10.0
0.004,0.0158,0.0503,0.4926,0.4373,10.0
0.0018,0.0045,0.0304,0.395,0.5683,8.0
0.4859,0.3455,0.0951,0.0494,0.0241,3.0
0.0105,0.0806,0.2188,0.5504,0.1396,8.0
0.0074,0.0777,0.2806,0.5354,0.099,10.0
0.0033,0.0116,0.038,0.4469,0.5002,0.0
0.0066,0.0542,0.3021,0.5513,0.0858,10.0
0.022,0.0508,0.1239,0.4413,0.362,9.0
0.0025,0.0075,0.0253,0.2904,0.6744,10.0
0.045,0.3139,0.3839,0.2191,0.0381,10.0
0.0014,0.0081,0.0667,0.7401,0.1837,9.0
0.0006,0.0008,0.0023,0.062,0.9343,10.0
0.0029,0.0026,0.0061,0.0615,0.927,10.0
0.0024,0.0026,0.0037,0.0381,0.9533,10.0
0.0861,0.2132,0.207,0.3077,0.1859,8.0
0.002,0.0082,0.0601,0.621,0.3086,9.0
0.0035,0.0148,0.0668,0.5287,0.3862,10.0
0.0098,0.0199,0.0379,0.2726,0.6598,10.0
0.0181,0.0451,0.0907,0.3191,0.5271,10.0
0.0332,0.0326,0.0416,0.1254,0.7673,9.0
0.0242,0.0431,0.0528,0.2079,0.6721,10.0
0.0024,0.0054,0.0235,0.2763,0.6924,10.0
0.2463,0.4967,0.222,0.0335,0.0015,4.0
0.0078,0.0804,0.3453,0.5115,0.055,9.0
0.0075,0.0852,0.3309,0.5368,0.0396,10.0
0.0017,0.0046,0.0347,0.4204,0.5386,0.0
0.002,0.0206,0.2028,0.7253,0.0492,9.0
0.2284,0.5823,0.1532,0.0313,0.0048,0.0
0.0027,0.0058,0.0129,0.1681,0.8106,10.0
0.0066,0.0352,0.1867,0.6173,0.1542,10.0
0.0024,0.0119,0.1116,0.5735,0.3006,10.0
0.0014,0.0036,0.0177,0.2229,0.7544,10.0
0.0047,0.0341,0.22,0.6494,0.0917,8.0
0.0028,0.0519,0.5099,0.4061,0.0294,8.0
0.0164,0.0588,0.1482,0.447,0.3296,10.0
0.0109,0.0048,0.0066,0.0241,0.9536,10.0
0.0032,0.0067,0.0196,0.3192,0.6512,8.0
0.017,0.0725,0.1339,0.496,0.2806,10.0
0.0157,0.0201,0.0245,0.1132,0.8266,10.0
0.0018,0.0077,0.042,0.5144,0.4341,0.0
0.003,0.0602,0.5965,0.3335,0.0069,5.0
0.0021,0.0043,0.0184,0.2333,0.7419,8.0
0.0662,0.1229,0.1143,0.273,0.4236,10.0
0.006,0.0296,0.0906,0.5004,0.3735,0.0
0.0016,0.0048,0.0251,0.3078,0.6606,9.0
0.0916,0.1036,0.0833,0.1888,0.5327,10.0
0.002,0.0039,0.0252,0.2749,0.6941,10.0
0.0078,0.0106,0.0195,0.1477,0.8144,10.0
0.0006,0.0008,0.0024,0.0537,0.9424,10.0
0.0171,0.0838,0.2015,0.569,0.1287,9.0
0.0167,0.0792,0.1704,0.691,0.0427,8.0
0.0017,0.0064,0.0303,0.3867,0.5748,8.0
0.0053,0.0235,0.1208,0.6345,0.216,10.0
0.0135,0.0415,0.1263,0.3822,0.4364,10.0
0.0121,0.0334,0.0777,0.3923,0.4845,10.0
0.0036,0.0051,0.0107,0.1016,0.8791,9.0
0.0767,0.2509,0.3279,0.2665,0.078,10.0
0.0071,0.022,0.0976,0.4226,0.4508,10.0
0.0008,0.0028,0.0236,0.4483,0.5246,10.0
0.0019,0.003,0.0087,0.1541,0.8323,10.0
0.0011,0.0017,0.0083,0.2154,0.7735,9.0
0.2223,0.2339,0.1962,0.1718,0.1758,10.0
0.0249,0.0909,0.2353,0.4806,0.1682,9.0
0.0024,0.0452,0.4603,0.4696,0.0225,7.0
0.0028,0.0294,0.1368,0.7938,0.0372,8.0
0.0026,0.0193,0.1581,0.7094,0.1106,10.0
0.005,0.0109,0.0369,0.322,0.6251,10.0
0.0012,0.0036,0.0211,0.3644,0.6097,9.0
0.0021,0.0114,0.0791,0.5616,0.3458,10.0
0.0101,0.0146,0.0281,0.1083,0.839,10.0
0.0085,0.0141,0.0274,0.1014,0.8486,10.0
0.0028,0.0035,0.0064,0.0733,0.914,10.0
0.0011,0.0021,0.0133,0.2916,0.6919,0.0
0.0017,0.0047,0.0336,0.6302,0.3298,10.0
0.0043,0.0036,0.0054,0.0436,0.943,10.0
0.0014,0.0079,0.097,0.6287,0.2649,8.0
0.0036,0.0409,0.3701,0.5497,0.0357,8.0
0.0029,0.011,0.0564,0.4333,0.4964,9.0
0.0008,0.0055,0.084,0.6073,0.3024,0.0
0.0148,0.0745,0.4119,0.4743,0.0245,7.0
0.0097,0.0666,0.3201,0.4871,0.1164,10.0
0.0063,0.0462,0.3023,0.5256,0.1197,0.0
0.022,0.1122,0.2763,0.4282,0.1612,10.0
0.0025,0.0374,0.3812,0.5542,0.0248,9.0
0.0173,0.0803,0.1341,0.5022,0.2661,10.0
0.0022,0.0157,0.1303,0.714,0.1378,8.0
0.3402,0.3035,0.1204,0.0499,0.186,10.0
0.0298,0.0953,0.1994,0.4715,0.2039,0.0
0.0012,0.0019,0.0123,0.2477,0.737,10.0
0.002,0.0045,0.0153,0.2481,0.7301,10.0
0.0813,0.2682,0.2798,0.2726,0.0981,10.0
0.0023,0.0118,0.0911,0.6751,0.2196,10.0
0.0113,0.1081,0.4463,0.391,0.0433,10.0
0.0028,0.0162,0.098,0.8002,0.0827,9.0
0.0043,0.0639,0.41,0.4957,0.0261,0.0
0.01,0.0114,0.0193,0.1475,0.8118,0.0
0.0058,0.0274,0.1144,0.6268,0.2257,10.0
0.0069,0.024,0.0954,0.539,0.3347,9.0
0.0091,0.0626,0.2238,0.6376,0.0669,10.0
0.0011,0.0049,0.0448,0.692,0.2573,9.0
0.013,0.0721,0.3648,0.4942,0.0559,7.0
0.0016,0.0042,0.0292,0.4174,0.5476,9.0
0.0011,0.0039,0.0294,0.4302,0.5354,9.0
0.0037,0.0157,0.1359,0.7093,0.1354,7.0
0.0035,0.0049,0.011,0.1838,0.7968,10.0
0.0667,0.099,0.173,0.3817,0.2797,7.0
0.0026,0.0058,0.0161,0.774,0.2016,10.0
0.0284,0.0303,0.0213,0.1311,0.789,10.0
0.0053,0.0336,0.151,0.6425,0.1675,10.0
0.0135,0.1045,0.3046,0.4924,0.0849,10.0
0.0013,0.0033,0.0182,0.3971,0.5801,10.0
0.0136,0.0855,0.3621,0.4461,0.0926,10.0
0.0203,0.1122,0.2305,0.4929,0.1442,8.0
0.0027,0.004,0.0108,0.099,0.8835,9.0
0.0029,0.0285,0.3026,0.6188,0.0471,10.0
0.0074,0.0308,0.105,0.5138,0.343,9.0
0.0036,0.0276,0.1547,0.6267,0.1874,10.0
0.0041,0.0134,0.1322,0.7248,0.1255,10.0
0.0007,0.0005,0.001,0.0162,0.9815,10.0
0.0018,0.0094,0.0581,0.6205,0.3102,9.0
0.074,0.5448,0.3513,0.0283,0.0015,8.0
0.0017,0.0079,0.197,0.708,0.0853,7.0
0.0044,0.0115,0.0423,0.3875,0.5543,10.0
0.0145,0.0437,0.1058,0.3779,0.4581,10.0
0.0026,0.0203,0.2806,0.6339,0.0626,7.0
0.0011,0.0037,0.0834,0.7306,0.1812,10.0
0.0026,0.0259,0.2375,0.6684,0.0656,9.0
0.0165,0.1571,0.4437,0.3572,0.0255,7.0
0.0019,0.0036,0.0078,0.1134,0.8733,10.0
0.0582,0.1165,0.1165,0.3753,0.3335,9.0
0.006,0.0351,0.1452,0.5694,0.2443,10.0
0.0085,0.0693,0.245,0.5599,0.1173,9.0
0.0219,0.1552,0.2442,0.4885,0.0901,8.0
0.0335,0.1734,0.2653,0.3539,0.1738,10.0
0.0039,0.0099,0.034,0.2673,0.6849,10.0
0.0076,0.0667,0.3215,0.5444,0.0597,8.0
0.0125,0.0551,0.1291,0.4818,0.3215,10.0
0.0906,0.1216,0.0911,0.1603,0.5364,10.0
0.0032,0.0053,0.0102,0.1225,0.8589,10.0
0.0092,0.0983,0.3014,0.4959,0.0952,10.0
0.0025,0.0081,0.0438,0.4916,0.4539,0.0
0.0128,0.0299,0.0633,0.5836,0.3103,8.0
0.0014,0.0046,0.0278,0.4211,0.5451,0.0
0.001,0.0023,0.009,0.1678,0.8199,0.0
0.0006,0.0007,0.0017,0.0332,0.9637,10.0
0.0213,0.1968,0.5094,0.252,0.0205,7.0
0.0013,0.0027,0.0095,0.1245,0.8621,9.0
0.0011,0.0041,0.0353,0.518,0.4416,10.0
0.0014,0.0105,0.3486,0.6226,0.0169,8.0
0.005,0.0039,0.0042,0.0325,0.9544,10.0
0.0037,0.0061,0.0169,0.208,0.7653,9.0
0.0312,0.1183,0.289,0.468,0.0935,7.0
0.3188,0.086,0.0387,0.0507,0.5058,10.0
0.0055,0.1161,0.5274,0.3376,0.0135,9.0
0.0032,0.0088,0.0411,0.4297,0.5173,10.0
0.0085,0.1629,0.5027,0.3124,0.0136,0.0
0.0068,0.011,0.0227,0.1654,0.7941,10.0
0.1371,0.464,0.3235,0.0676,0.0078,8.0
0.0176,0.0663,0.1524,0.372,0.3917,10.0
0.0018,0.0072,0.0546,0.5339,0.4025,9.0
0.0575,0.3176,0.3075,0.258,0.0593,9.0
0.01,0.0841,0.3119,0.5025,0.0914,8.0
0.0182,0.1224,0.3538,0.4404,0.0652,5.0
0.0024,0.0164,0.1312,0.6932,0.1568,9.0
0.1103,0.2563,0.2564,0.2753,0.1018,9.0
0.0025,0.0189,0.2778,0.6709,0.03,10.0
0.0147,0.0487,0.0972,0.3106,0.5288,10.0
0.0008,0.0012,0.0041,0.076,0.9179,10.0
0.1974,0.213,0.1865,0.2532,0.1499,8.0
0.0065,0.0186,0.0464,0.3122,0.6164,10.0
0.0021,0.002,0.0026,0.9729,0.0204,10.0
0.0381,0.1068,0.1816,0.3944,0.2792,10.0
0.0922,0.3021,0.2505,0.2461,0.109,10.0
0.0014,0.0038,0.0208,0.3976,0.5764,10.0
0.0049,0.0223,0.1211,0.6674,0.1843,10.0
0.1359,0.1912,0.1578,0.2891,0.226,10.0
0.0026,0.0047,0.0175,0.2183,0.757,10.0
0.0104,0.082,0.2413,0.5699,0.0964,9.0
0.0013,0.0076,0.0924,0.7332,0.1654,10.0
0.0032,0.0142,0.0561,0.5331,0.3934,9.0
0.0217,0.0473,0.0756,0.3526,0.5028,10.0
0.0977,0.4756,0.2542,0.1452,0.0275,7.0
0.0271,0.051,0.0785,0.3152,0.5282,10.0
0.0133,0.0248,0.0714,0.3158,0.5747,8.0
0.0199,0.1358,0.3782,0.4118,0.0543,8.0
0.006,0.0585,0.336,0.5354,0.0641,10.0
0.0048,0.0138,0.0484,0.3772,0.5558,10.0
0.0219,0.0554,0.127,0.6701,0.1257,10.0
0.0072,0.098,0.5532,0.3213,0.0203,0.0
0.111,0.4467,0.3453,0.0852,0.0117,10.0
0.0113,0.1297,0.5555,0.2887,0.0147,5.0
0.0044,0.0272,0.1337,0.8116,0.0231,10.0
0.0012,0.0023,0.0134,0.2264,0.7566,10.0
0.0036,0.01,0.047,0.4554,0.484,10.0
0.0058,0.0492,0.2654,0.5116,0.1679,10.0
0.0038,0.0331,0.1364,0.5659,0.2608,10.0
0.0107,0.056,0.1684,0.611,0.1539,10.0
0.0042,0.0109,0.0268,0.2759,0.6821,10.0
0.0044,0.028,0.1484,0.639,0.1802,8.0
0.0202,0.2535,0.453,0.2562,0.0172,9.0
0.3384,0.3139,0.1336,0.0753,0.1388,10.0
0.0166,0.0877,0.2321,0.5458,0.1178,8.0
0.0018,0.0067,0.0429,0.5418,0.4068,10.0
0.0032,0.0158,0.083,0.5502,0.3478,10.0
0.0583,0.2634,0.3224,0.302,0.0539,9.0
0.0011,0.0017,0.0063,0.1206,0.8703,10.0
0.0524,0.2309,0.2781,0.3276,0.1111,10.0
0.0008,0.001,0.0022,0.0383,0.9577,10.0
0.0393,0.3281,0.4416,0.168,0.0229,10.0
0.0009,0.0026,0.0159,0.3112,0.6694,10.0
0.0146,0.0401,0.0938,0.369,0.4825,10.0
0.0088,0.0322,0.1391,0.4482,0.3717,9.0
0.0011,0.0044,0.0337,0.4902,0.4707,10.0
0.0349,0.3093,0.4583,0.1909,0.0067,8.0
0.0086,0.0326,0.1338,0.5727,0.2523,10.0
0.0011,0.0012,0.0024,0.0493,0.9459,10.0
0.0203,0.0443,0.0805,0.3209,0.534,10.0
0.085,0.048,0.0326,0.0888,0.7455,10.0
0.0173,0.1024,0.2607,0.5143,0.1053,10.0
0.0012,0.0014,0.0043,0.078,0.9152,9.0
0.0065,0.0461,0.2275,0.5274,0.1925,10.0
0.0625,0.2123,0.2911,0.3276,0.1065,6.0
0.0223,0.1995,0.3694,0.3495,0.0593,10.0
0.0082,0.2347,0.6866,0.0689,0.0016,7.0
0.0073,0.052,0.2521,0.5984,0.0901,10.0
0.0063,0.0295,0.1269,0.6078,0.2295,8.0
0.0046,0.014,0.0555,0.5652,0.3606,9.0
0.0039,0.0127,0.0322,0.5654,0.3858,9.0
0.0475,0.095,0.0913,0.2607,0.5055,10.0
0.0008,0.0035,0.045,0.7182,0.2325,10.0
0.0063,0.0148,0.0351,0.8226,0.1212,0.0
0.0204,0.1163,0.3043,0.4771,0.0818,9.0
0.0191,0.1292,0.3667,0.4337,0.0513,8.0
0.0107,0.0171,0.025,0.3158,0.6314,9.0
0.0105,0.0491,0.1536,0.5378,0.249,10.0
0.0012,0.0016,0.0047,0.0817,0.9107,10.0
0.015,0.0555,0.1478,0.4214,0.3603,10.0
0.0301,0.0749,0.1469,0.3632,0.3849,10.0
0.0217,0.0645,0.1418,0.3871,0.385,0.0
0.0014,0.0039,0.0194,0.2637,0.7116,9.0
0.0161,0.0359,0.0608,0.3077,0.5796,10.0
0.0055,0.0284,0.1617,0.5861,0.2184,10.0
0.0061,0.0108,0.0295,0.1823,0.7713,10.0
0.0208,0.1218,0.3782,0.4182,0.0609,10.0
0.0291,0.2293,0.6054,0.1241,0.0121,10.0
0.0036,0.0179,0.2343,0.6967,0.0475,8.0
0.0094,0.065,0.2716,0.4655,0.1885,10.0
0.0058,0.0919,0.484,0.4013,0.0169,0.0
0.0272,0.136,0.2694,0.4436,0.1238,10.0
0.0099,0.0194,0.0522,0.2876,0.6309,10.0
0.021,0.1484,0.3552,0.4059,0.0695,10.0
0.0115,0.0153,0.0259,0.1566,0.7907,10.0
0.0026,0.0089,0.0407,0.4243,0.5234,10.0
0.0133,0.0336,0.0927,0.4241,0.4363,10.0
0.0705,0.284,0.3003,0.2581,0.0871,10.0
0.0458,0.1393,0.2505,0.4138,0.1507,10.0
0.0111,0.0229,0.0482,0.3294,0.5883,10.0
0.0034,0.0174,0.2057,0.7357,0.0377,9.0
0.0021,0.0039,0.0142,0.2118,0.768,9.0
0.0007,0.0012,0.0038,0.0723,0.9219,10.0
0.0072,0.0167,0.0377,0.2422,0.6962,10.0
0.0545,0.1676,0.2786,0.3597,0.1396,10.0
0.0352,0.2361,0.4208,0.2645,0.0432,10.0
0.0312,0.4827,0.4444,0.0398,0.0018,5.0
0.0036,0.014,0.0746,0.5578,0.3499,9.0
0.0012,0.0043,0.0224,0.3187,0.6535,10.0
0.0124,0.1407,0.5142,0.3145,0.0182,8.0
0.0026,0.0065,0.03,0.8034,0.1574,9.0
0.0359,0.049,0.0588,0.2798,0.5765,10.0
0.0013,0.0024,0.0082,0.1432,0.8449,10.0
0.0049,0.0247,0.0737,0.4828,0.4139,10.0
0.035,0.1171,0.2691,0.432,0.1467,10.0
0.0014,0.0032,0.0203,0.2829,0.6922,10.0
0.0113,0.0362,0.1144,0.6272,0.2108,10.0
0.0153,0.0878,0.2383,0.5386,0.12,10.0
0.0086,0.0599,0.3068,0.5187,0.1059,10.0
0.3994,0.312,0.1067,0.1263,0.0555,10.0
0.0034,0.0069,0.0278,0.2163,0.7457,10.0
0.0021,0.0047,0.0184,0.2907,0.6841,10.0
0.007,0.0377,0.1374,0.5682,0.2497,9.0
0.001,0.0008,0.0017,0.0239,0.9725,10.0
0.0031,0.0091,0.0487,0.4966,0.4425,10.0
0.0203,0.075,0.1663,0.47,0.2684,10.0
0.0248,0.077,0.1392,0.4205,0.3385,10.0
0.0128,0.0078,0.0087,0.0407,0.9301,10.0
0.0019,0.0034,0.0098,0.1199,0.865,10.0
0.187,0.2352,0.2491,0.2173,0.1115,9.0
0.0025,0.0038,0.0074,0.1126,0.8737,10.0
0.0187,0.092,0.3585,0.4498,0.0809,10.0
0.0468,0.1937,0.2912,0.3674,0.1008,9.0
0.0875,0.7786,0.1243,0.0088,0.0007,6.0
0.0647,0.0851,0.1259,0.2873,0.437,10.0
0.3424,0.4293,0.1431,0.0625,0.0227,7.0
0.0102,0.0904,0.3523,0.5073,0.0397,10.0
0.0919,0.2368,0.2098,0.3054,0.156,10.0
0.0045,0.0063,0.0152,0.1323,0.8417,9.0
0.0043,0.0144,0.0735,0.6311,0.2767,10.0
0.0027,0.0455,0.5219,0.404,0.026,10.0
0.0045,0.015,0.0782,0.3682,0.5341,10.0
0.0193,0.1507,0.3691,0.4146,0.0464,9.0
0.0502,0.095,0.1821,0.4036,0.2692,10.0
0.0268,0.1566,0.275,0.4651,0.0764,10.0
0.0039,0.033,0.2375,0.6413,0.0843,10.0
0.0052,0.0238,0.1291,0.6734,0.1684,9.0
0.0608,0.5584,0.3247,0.0503,0.0058,6.0
0.0199,0.0975,0.3492,0.4557,0.0777,8.0
0.0018,0.0057,0.0402,0.5157,0.4365,10.0
0.0017,0.0029,0.0086,0.9796,0.0072,8.0
0.0084,0.0587,0.3201,0.5536,0.0591,7.0
0.01,0.1535,0.4697,0.3326,0.0342,9.0
0.005,0.034,0.1749,0.6091,0.177,10.0
0.0105,0.0378,0.0921,0.4305,0.4291,9.0
0.0011,0.0013,0.0042,0.0603,0.9331,0.0
0.0013,0.0013,0.0021,0.0275,0.9678,10.0
0.0008,0.0017,0.0059,0.0762,0.9155,8.0
0.0008,0.0014,0.0086,0.2015,0.7878,10.0
0.006,0.0098,0.0535,0.885,0.0456,0.0
0.0008,0.0017,0.0118,0.2647,0.721,10.0
0.0021,0.0019,0.008,0.114,0.8741,10.0
0.0017,0.0041,0.0214,0.3417,0.6311,8.0
0.435,0.4553,0.0877,0.0161,0.0058,1.0
0.002,0.0192,0.2338,0.6463,0.0986,9.0
0.0031,0.0055,0.0136,0.1159,0.8619,9.0
0.0068,0.0112,0.0247,0.1522,0.8052,10.0
0.0047,0.0221,0.1146,0.6357,0.2229,10.0
0.005,0.0036,0.0056,0.0385,0.9473,10.0
0.0774,0.2293,0.1873,0.2393,0.2667,10.0
0.0072,0.038,0.158,0.6257,0.1712,8.0
0.0011,0.0055,0.0356,0.4834,0.4744,10.0
0.0061,0.0036,0.0046,0.0203,0.9654,10.0
